-1795
-343
-856
-1681
-575
-1297
-2125
-1269
-1145
-2026
-1741
-824
-1369
-1551
-1078
-897
-1799
-1874
-1050
-1500
-1384
-1012
-1259
-1763
-1314
-906
-1761
-1249
-246
-878
-1138
35
-497
-1582
-687
-469
-1009
-444
-42
-321
-450
-304
-428
-779
-492
-480
-533
-77
-377
-1135
-845
-613
-1389
-643
-345
-864
-212
-281
-293
-343
-1149
-906
-418
-1021
-869
-126
61
197
-313
-550
-618
-714
-486
-651
-911
-343
84
-771
-584
-492
-1643
-1261
-414
-1306
-1453
-354
-950
-1678
-1486
-1400
-2016
-2366
-1264
-1119
-2174
-1977
-41
-594
-1337
-34
-1302
-2413
-1461
-1264
-2003
-1562
-491
-1090
-1469
-935
-1538
-2269
-2083
-2280
-2760
-2477
-2235
-2350
-2362
-2474
-2306
-2487
-2858
-2504
-2345
-2598
-2545
-1982
-1906
-2099
-1262
-1311
-2215
-1474
-1183
-2281
-1543
-327
-915
-740
-342
-1421
-1417
-254
-806
-1242
-640
-1217
-1463
-1179
-1020
-1465
-1621
-644
-652
-809
-392
-369
-1288
-891
273
-325
-411
299
-53
-1049
-52
992
-6
314
1419
923
305
946
535
-233
882
813
124
828
897
595
775
373
182
536
761
874
646
952
695
609
1425
1055
1279
2073
1775
1871
2431
1974
2319
3103
2515
2741
3161
2702
2993
3235
2697
2710
2808
2950
3181
3327
3861
3652
3353
3506
3287
3040
3163
2693
2630
3425
2937
2378
3301
3256
1181
1449
2573
2057
2488
2921
2563
2103
2490
2329
1118
896
1827
2281
1895
2610
2736
1297
1330
2201
1459
762
1707
1790
920
1210
1284
30
41
992
757
866
1231
854
413
530
452
91
486
541
369
604
337
137
578
508
317
194
-521
-166
369
-83
6
169
-631
-403
-39
-992
-842
-51
44
-326
-647
-798
-944
-773
-44
86
-510
119
217
-618
-237
736
325
-72
768
358
-74
466
947
532
72
753
791
865
907
934
799
793
1412
864
541
1335
1438
631
980
1295
521
574
1276
1006
561
1147
1168
1252
1168
983
971
843
1161
903
1173
1289
1028
1061
468
703
1135
662
865
1605
1130
828
1088
316
-36
692
784
703
834
227
-90
-63
-97
-102
-210
196
251
-492
-325
-250
-1353
-713
-231
-1392
-1253
-439
-903
-1350
-368
-862
-1591
-1296
-1601
-2102
-2614
-2067
-1840
-2026
-1612
-1225
-2004
-2769
-1866
-2319
-2991
-2297
-2250
-3202
-3135
-2078
-2636
-2755
-1886
-2305
-2967
-2560
-2455
-2918
-2367
-1959
-2677
-2842
-2093
-2043
-2435
-1843
-1659
-2427
-2177
-1848
-2402
-2565
-2280
-2271
-2561
-2175
-1695
-1979
-2117
-1980
-2281
-2849
-2683
-2430
-2614
-2043
-1931
-2588
-2542
-1998
-1637
-1780
-2223
-2371
-2177
-2008
-2174
-2386
-2152
-2149
-2114
-1988
-2087
-1801
-1772
-2037
-2180
-2459
-2159
-1496
-2006
-2903
-2811
-2642
-2433
-1997
-1602
-1367
-1539
-1828
-2407
-2534
-1942
-1547
-1501
-1594
-1236
-1158
-1117
-533
-742
-1096
-1127
-1050
-511
-732
-1065
-670
-400
5
492
626
561
899
1092
740
430
579
912
763
1142
1396
1110
1213
1283
1292
1164
1208
1243
1459
1886
1864
1693
1455
1696
1798
1716
2058
1975
1957
1819
1403
1420
1699
1777
1638
1606
1489
1447
1407
1304
1426
1262
1270
1330
917
794
874
969
1132
1181
1167
914
749
982
1286
1202
1319
1475
954
1171
1515
1185
1289
1749
1660
1688
2151
2027
1793
2085
2162
1843
1999
2154
1948
1924
1778
1686
1442
1332
1703
1469
1269
1502
1321
1351
1424
1249
1578
1974
1493
1215
1536
1717
1739
1497
1973
2266
1802
1819
1795
1757
2078
2339
2710
2663
2173
2116
2005
1889
2145
2036
1918
2270
2503
2697
2582
2062
1817
1761
1553
1222
676
753
1584
1887
1964
2014
2151
1925
1313
1698
2163
2017
1954
2336
2296
1833
1523
1380
1565
1652
1558
1222
1310
1421
978
602
191
-97
214
448
42
-150
-205
-407
-159
17
-223
-326
-282
-456
-484
-527
-681
-583
-553
-444
-418
-295
-419
-823
-608
-307
42
178
-377
-637
-618
-768
-924
-1224
-1117
-572
-640
-1107
-1154
-981
-941
-1095
-1581
-1505
-983
-925
-1017
-1163
-1243
-1418
-1327
-844
-815
-1035
-1148
-952
-626
-628
-1019
-1365
-1350
-1288
-1236
-990
-952
-1030
-916
-1318
-1701
-1621
-1932
-2051
-1808
-1716
-1638
-1739
-1930
-2124
-2268
-2403
-2257
-2055
-2243
-2102
-1871
-1977
-2104
-1939
-1932
-1963
-1460
-1268
-1373
-1494
-1502
-1335
-1295
-1212
-1470
-1678
-1666
-1703
-1340
-1014
-1088
-1263
-1190
-774
-493
-517
-774
-894
-776
-751
-667
-918
-737
-481
-490
-198
-401
-337
-94
-329
-454
-502
-851
-1041
-581
-112
-10
-87
-113
-201
-214
24
87
-103
-208
-302
-303
-315
-838
-1004
-682
-263
250
414
279
-52
-456
-486
-112
163
613
583
404
590
102
-105
228
583
608
726
1238
963
616
603
475
-4
-243
87
-369
-810
-665
-474
-453
-574
-822
-1006
-1016
-1162
-1286
-1303
-1450
-1646
-1921
-2405
-2365
-2322
-2676
-2481
-2317
-2398
-2394
-2460
-2478
-2510
-2592
-2632
-2624
-2640
-2424
-2305
-2561
-2619
-2535
-2455
-2245
-2244
-2133
-1825
-1841
-1879
-1757
-1699
-1677
-1763
-1506
-965
-1236
-1382
-877
-705
-161
354
110
59
176
176
114
374
846
987
898
1008
1201
964
792
770
719
920
1317
1349
1120
1383
1352
1122
1266
1363
1474
1745
1923
2102
2323
1966
1642
2089
2915
3134
2884
3034
3352
3412
3154
2927
3012
3374
3422
2976
2849
3212
3438
3718
3731
3442
3525
3244
2880
2712
2843
2942
2718
3109
3479
3423
3324
3194
2887
2957
3260
3418
3631
3098
2736
3265
3419
3170
3288
3415
3173
3271
3236
3192
3599
3427
3214
3357
3077
3014
3025
2385
2140
2546
2686
2664
2863
2944
2555
2101
1948
1962
1985
1861
1731
1898
1920
1545
1263
1388
1447
1206
1117
874
616
688
1020
1662
1414
735
811
487
89
2
-90
178
550
606
475
481
299
34
-203
-573
-403
-143
-448
-695
-772
-1003
-1222
-1372
-1484
-1352
-1281
-1410
-1520
-1832
-2142
-2375
-2493
-2427
-2502
-2426
-2280
-2485
-2775
-2840
-2956
-3037
-2972
-2930
-2961
-3250
-3369
-3245
-3204
-3574
-3952
-3769
-3747
-3903
-3868
-3946
-3980
-4009
-4250
-4410
-4001
-3589
-3916
-4127
-3840
-3729
-3915
-4040
-3928
-3946
-3874
-3543
-3186
-2904
-2842
-2846
-2563
-2296
-2527
-2639
-2775
-3262
-3122
-2438
-1925
-1742
-1440
-899
-1134
-1543
-1401
-1221
-768
-643
-703
-996
-1128
-524
-624
-844
-359
-193
-75
468
596
454
678
837
856
769
866
1240
1363
1428
1783
2144
2077
2006
1786
1193
834
662
1034
1809
1941
1375
963
1006
1268
1331
1106
1222
1345
1140
902
1008
1260
1346
1464
1438
1350
1419
1475
1537
1222
975
1009
857
801
334
74
345
364
713
1096
946
697
493
275
-488
-1385
-1671
-1321
-623
-212
-112
-376
-787
-1213
-1548
-1791
-2065
-2038
-1817
-1695
-1694
-1669
-1849
-1949
-2001
-2196
-2090
-2001
-2251
-2503
-2726
-2877
-2698
-2459
-2473
-2355
-2239
-2589
-2684
-2628
-2826
-2702
-2185
-2079
-2027
-1749
-1748
-1617
-1370
-1203
-1061
-830
-618
-563
-458
-135
148
111
-12
11
104
142
393
669
599
530
433
191
161
171
121
-56
-203
-134
195
285
446
1048
1037
676
138
-328
146
1017
1210
1144
1372
952
458
1190
1688
1448
1442
1289
1253
1168
1215
1661
1653
1864
2393
2422
2140
2240
2121
1713
1764
2314
2710
2555
2301
2329
2373
2501
3088
3038
2545
2379
2403
2610
2634
2984
3157
2524
2422
2411
2112
2194
2130
1863
1892
1865
1522
1336
1354
1381
1329
1461
1405
1292
1293
1073
1170
1164
967
1146
1501
1400
1256
1449
1409
1212
1505
1897
1782
1830
1910
1432
1107
1304
1101
834
1133
1467
1861
1886
1645
1377
1216
1267
1165
1254
1296
1463
1526
1322
1408
1207
1115
1153
1010
1127
1040
914
970
1084
1348
1594
1341
1265
1396
1229
1178
1350
1518
1418
1569
1676
1385
1534
1484
1238
1430
1363
901
682
850
516
274
677
498
202
65
137
96
-153
-93
-137
238
-335
-1005
-148
-457
-1944
-1290
105
-1203
-1366
521
269
-1785
-1747
-742
-2535
-2579
-1265
-1660
-2510
-2623
-1642
-2960
-3248
-1726
-2156
-2904
-2532
-1716
-3197
-3915
-2410
-3032
-3737
-2208
-1762
-3099
-2395
-940
-2684
-2959
-863
-2175
-3240
-1700
-1692
-2719
-2253
-1445
-2589
-2979
-1897
-2323
-2855
-1927
-2253
-3112
-2565
-2367
-2643
-2522
-2209
-2392
-2658
-2690
-2818
-2692
-2533
-1914
-1826
-2293
-1940
-2102
-2632
-2275
-1849
-2234
-1650
-1371
-1940
-1238
-1323
-1552
-1415
-1752
-1877
-1561
-1476
-1992
-1164
-359
-768
-1471
-751
-403
-2002
-1475
-556
-982
-1565
-56
269
-1804
-877
-177
-872
-1462
-170
-147
-2078
-545
166
-1306
-1181
590
-63
-1721
-161
327
-1266
-545
895
-818
-1885
-24
-116
-1637
-112
602
-1387
-712
1084
-237
-780
719
-112
-880
221
710
-585
-452
927
-315
-651
1040
657
-369
810
666
-636
316
567
-244
45
109
-248
-521
-27
-230
-1060
-568
95
18
-997
-655
303
51
-813
-609
-255
-1534
-600
698
47
-871
394
952
-1082
-228
649
411
-381
48
1368
-304
-86
1146
877
206
1047
2332
344
555
2358
1186
990
2544
2578
830
1600
2567
638
1125
2876
2200
1600
2830
3282
2237
2747
2867
1576
2040
2914
2943
3091
3378
3716
3654
2621
2883
3428
2474
2942
4025
3025
2753
3340
2873
2728
2609
2843
2983
2758
2636
2331
1854
2060
2197
1998
2751
2212
1499
2403
2407
899
2117
3033
462
1375
2810
1584
551
2186
2517
352
1663
2944
1742
536
2558
2238
-100
1868
2546
700
866
3121
1958
463
2359
2349
388
1285
3151
948
220
2351
1559
284
2151
2275
384
1408
2010
624
591
2038
1353
72
1216
1402
-66
893
1896
404
935
1204
-144
87
606
65
101
975
881
255
100
188
-557
-902
415
-211
-1159
-283
599
831
404
851
772
481
-133
588
771
-1514
181
1992
981
-58
1276
1436
-1077
166
711
-284
-1323
-257
833
-1674
-930
31
-1464
-2200
-1192
-824
-2536
-1516
-714
-3222
-2933
-735
-2064
-3423
-1256
-1635
-3924
-2092
-1097
-3039
-2946
-1645
-2219
-3520
-2866
-2587
-3520
-2931
-1551
-1431
-1817
-1844
-2222
-2889
-3214
-2150
-2597
-3211
-1546
-1689
-2638
-1976
-1582
-2804
-2445
-1942
-2583
-1888
-2818
-2831
-1607
-2051
-2644
-1066
-704
-2525
-1400
-963
-2033
-2692
-1433
-1568
-3185
-1462
-528
-1351
-2508
-544
-689
-3264
-1536
-724
-2609
-2812
-214
-1588
-3462
-758
-1294
-3714
-1866
-322
-3320
-3543
-762
-2458
-3851
-1183
-1561
-4431
-2902
-1414
-3173
-2616
-1520
-2876
-3237
-2461
-2307
-2986
-2585
-1788
-2672
-2477
-1548
-2124
-2503
-2149
-2126
-1872
-1939
-1714
-1384
-1995
-1529
-1104
-1535
-1272
-932
-1355
-832
-564
-1715
-434
403
-1309
-710
1627
-89
-1747
650
1255
-322
561
3196
1352
651
2620
1567
903
1124
2705
2402
1654
3238
2927
1216
1469
3719
1748
828
3940
2441
870
3064
3129
936
1685
3659
2302
1665
3739
3125
1100
2296
3465
1925
2663
3706
1538
1608
2769
2195
1319
1852
1942
541
1344
2243
1066
1022
2090
953
-128
1043
789
-106
289
761
540
280
733
455
389
562
-51
-46
1004
440
-446
1785
1358
-769
704
1871
66
-488
2228
1069
-466
1314
1409
427
-389
1541
1314
-387
1278
1703
236
214
2196
1053
-385
1919
1676
182
1895
2546
673
1104
3352
2201
931
2929
2050
395
1825
1774
1375
2133
2104
1534
1428
1368
1380
1432
1173
938
1097
1016
605
1115
1213
434
1132
1722
712
1077
1580
866
743
1129
890
527
304
546
1603
433
-546
1198
1162
-453
459
1384
-919
-464
1474
512
-782
482
1717
-905
69
2062
539
-604
620
1505
-842
-517
880
-94
-1357
352
1663
-1017
-335
1320
-825
-1581
270
-279
-2391
-592
706
-1634
-1040
1156
-259
-1421
-262
-104
-1365
-359
97
-1016
-204
239
86
-479
-11
141
-636
424
739
-98
192
689
21
98
726
640
756
291
-99
377
748
263
-18
380
488
-355
-547
694
-405
-1691
686
709
-1900
-420
1129
-639
-1567
386
266
-2136
-837
-23
-1172
-2179
-974
174
-2381
-1426
119
-1764
-2124
-289
-243
-2672
-985
237
-2392
-1394
575
-989
-2095
89
-32
-1986
2
230
-1699
-567
-39
-639
-457
-431
-837
-616
-508
-608
49
24
-764
-385
243
-426
115
928
-145
246
995
-218
-79
750
441
261
279
-107
446
-359
-619
13
-799
6
-465
-1231
-200
-252
-1861
-1122
-466
-2805
-1777
-29
-1569
-3163
-1358
-1629
-3557
-1374
-954
-1789
-2057
-364
-468
-2764
-1531
-1000
-1759
-2914
-1355
-689
-2986
-1594
-773
-2508
-2355
-211
-1073
-3075
-1400
-1321
-3147
-1933
-707
-2815
-2830
-600
-2226
-3428
-786
-956
-2976
-1152
-174
-1641
-1830
-969
-1352
-2415
-1291
-1222
-2453
-1488
-918
-1056
-737
-772
-884
-662
-1253
-1729
-949
-923
-1315
-725
-474
-1504
-1462
-1055
-885
-883
-863
44
-754
-1703
-945
-772
-1376
-717
-111
-907
-416
-55
-910
-621
-116
-549
-494
94
-158
-125
283
374
51
245
451
362
460
383
803
527
470
1175
824
466
1060
1079
423
953
1301
765
1015
1325
838
379
1002
1082
587
1224
1447
637
833
1524
528
261
1321
761
320
1166
930
674
1277
1173
833
1229
1260
669
823
742
812
1241
1378
1479
896
1238
1609
1097
1162
2167
2528
1519
1944
2055
1117
1808
2812
2169
2203
3181
2331
2443
3701
3606
3393
3745
3688
2502
2277
2890
2761
3147
3403
3052
2620
2914
2873
2573
2980
2542
2755
2824
2184
2635
2252
1987
2493
2318
2134
2525
2801
2514
2834
3172
2564
2214
2454
2556
2159
2769
3475
2188
2351
3230
1889
1558
2766
1828
1029
2502
2290
1524
2057
2304
1976
2157
2617
1859
1259
1556
1929
1607
1938
3007
2633
2426
2994
2451
1775
2305
2231
1681
2279
2386
2092
1798
1708
1510
1037
1141
766
564
608
125
-96
-239
-675
-544
-296
-664
-654
-983
-1351
-1330
-1735
-2047
-2024
-2187
-2758
-2992
-2699
-2892
-3768
-3302
-2807
-3845
-3362
-2561
-3803
-3692
-2597
-3299
-3759
-2777
-2739
-3798
-2879
-2425
-3467
-3052
-2494
-2710
-3081
-2675
-2452
-3126
-3320
-2658
-2897
-3580
-2493
-2415
-3264
-2555
-2538
-3641
-3462
-2515
-2829
-3315
-2741
-2660
-3019
-2704
-2813
-3781
-3840
-3009
-3140
-3397
-2814
-2301
-2146
-2383
-2419
-2408
-2814
-2760
-2703
-3389
-3189
-2040
-1988
-1983
-1532
-1824
-1813
-1659
-1626
-1805
-2075
-1846
-1978
-1484
-231
-683
-2065
-1385
-994
-1843
-1174
-534
-1315
-1293
-196
-832
-1496
-1020
-882
-1036
-1294
-827
-1084
-1600
-950
-298
-657
-978
62
-196
-1207
-259
218
-1072
-1224
128
-305
-735
412
159
-96
808
437
-419
-370
-40
-162
-170
597
585
516
940
507
48
55
99
37
-51
200
704
366
353
892
-36
-285
271
-412
-458
158
-292
-51
352
-306
97
65
-526
83
159
-463
-197
310
57
322
519
581
825
685
825
558
374
150
368
556
377
1092
898
793
942
600
415
558
712
194
237
625
551
138
276
627
155
143
494
107
6
634
285
-115
156
381
426
-402
72
470
-668
-260
105
-624
-148
207
-736
-166
1088
689
462
710
1187
1272
397
736
1299
376
991
2346
1584
1474
2474
2138
1627
2563
2500
1549
1705
1877
1699
1613
2253
2494
1841
1690
2501
2832
2094
2704
3141
2086
1896
2783
2553
1696
2428
2182
1674
2673
2465
1696
1816
1791
1298
1532
1766
1516
1430
1213
1288
1051
856
1132
1092
957
726
624
767
612
682
1180
714
503
1240
497
280
1476
798
342
1305
699
-179
1146
1411
341
1638
2056
1109
1448
2006
1263
767
1950
2203
2060
2333
2599
2058
1713
2992
3025
2447
3151
3539
2732
2898
3842
2863
2337
3401
2743
1685
2663
2609
1119
1927
2547
1263
1724
2077
1296
1250
1509
1389
854
1050
865
598
1006
615
390
869
741
556
1211
985
514
1285
1072
660
1153
628
717
1552
1308
1172
1439
1328
592
266
804
707
293
1111
962
-407
-113
308
-151
863
2105
227
-506
138
-1083
-932
-392
-666
-989
-743
-608
-1709
-2198
-1662
-1451
-2506
-2696
-2170
-3095
-3179
-2419
-3123
-3904
-3288
-3004
-3678
-3718
-3310
-3715
-3917
-3898
-4087
-4045
-4354
-4559
-4564
-4596
-4569
-4779
-4481
-3605
-3728
-4399
-3842
-3066
-3700
-4555
-3971
-3785
-4363
-3399
-2546
-3737
-4549
-4164
-4271
-3714
-2791
-3155
-3102
-2917
-3672
-3413
-3876
-4645
-3790
-3452
-3579
-3038
-2462
-3022
-3218
-3247
-3631
-3489
-3458
-3419
-3539
-3378
-3369
-3023
-3160
-3629
-3046
-3195
-3465
-3017
-2946
-3518
-3110
-2658
-3022
-2714
-2433
-2565
-2735
-2613
-2491
-2900
-2796
-2421
-2701
-2510
-2014
-2285
-2259
-2006
-2122
-1966
-1829
-1626
-1552
-1403
-974
-1198
-1301
-786
-623
-741
-235
-88
-529
34
295
-40
476
380
211
500
216
638
1156
472
476
1564
869
55
1216
1235
357
1243
2065
1323
1839
2663
2031
1860
2612
3104
2316
2540
3045
2503
2621
2958
3275
2948
3556
4126
3282
3061
3747
3753
2926
3522
3751
3286
3579
3748
3420
2972
2866
2765
2523
2303
3174
3181
2479
2965
2562
1895
2478
2782
2107
2201
2869
2778
1960
2314
2710
1673
2275
3271
2244
2321
2844
1890
2073
2538
1888
2798
3716
3010
3256
2748
1623
2255
2772
2251
1929
2354
2695
2645
2438
2603
2755
3019
3090
2656
2308
1784
2229
2031
1615
2542
1870
843
1602
1841
1040
1633
1531
308
590
627
306
290
595
509
50
365
361
-27
116
97
-385
-143
-257
-638
-156
-321
-364
74
-277
-328
196
-281
-262
192
-274
134
158
-206
183
157
374
439
189
747
832
45
827
1171
-71
885
1430
196
598
1575
569
276
1405
530
450
1277
915
452
241
786
923
776
1113
1266
726
336
925
1426
1644
2113
2052
842
941
1748
884
875
1681
1025
1024
1798
1380
1272
1596
906
711
1241
977
771
1080
935
471
249
-19
211
857
578
187
833
379
-873
-226
-58
-993
-143
409
-773
-364
93
-1359
-990
74
-994
-1266
-100
-963
-1735
-1014
-1281
-1405
-878
-902
-1132
-755
-750
-1465
-1998
-1614
-855
-1452
-1480
-669
-1090
-1473
-1041
-1418
-2415
-1615
-1129
-2026
-1237
-793
-1837
-1691
-1200
-2225
-2402
-1702
-2455
-2945
-2496
-2188
-2270
-2366
-2304
-2565
-2468
-2173
-2947
-2943
-2560
-3170
-2917
-3096
-3606
-2898
-3110
-3782
-3326
-3442
-3976
-3517
-3721
-4212
-3842
-4173
-4395
-4122
-4148
-4030
-4366
-4630
-3974
-4435
-4460
-3164
-4387
-4872
-3449
-4317
-5165
-3735
-3952
-5140
-3722
-3706
-4589
-3861
-3685
-3873
-3682
-3198
-3215
-3171
-3299
-2710
-2210
-2919
-2204
-1899
-2732
-2161
-1260
-1788
-1654
-284
-383
-407
592
335
-396
-36
260
-116
259
1035
758
398
1293
1736
1436
1766
1684
1028
1378
1440
1088
1596
1581
1525
1523
1171
1720
2254
1802
2058
2315
1542
1814
1860
1826
2517
2310
2542
2433
1784
2504
2778
1872
2494
2891
1418
1725
2761
1763
1437
2118
1381
1009
1611
1348
927
1393
1936
1509
1026
1213
1316
649
689
1717
1497
1457
2380
2123
1587
2338
2399
1854
2254
2354
1911
1527
1970
2153
1619
1858
1832
977
1074
1714
1302
1336
1306
782
665
202
643
1058
514
661
423
-163
312
15
-950
-208
93
-312
66
-152
-581
-673
-794
-299
10
-417
-86
401
-137
22
846
353
118
551
40
-472
167
359
-771
-286
549
-454
-580
340
-535
-1367
-129
-466
-1458
-609
-14
-755
-608
604
157
-257
764
1161
532
687
1243
710
811
1450
1117
919
1674
2050
2034
2692
2775
2164
1903
2034
2102
1788
1837
2767
3159
2947
3172
2598
2382
2883
2560
2771
3178
3226
3430
3519
3573
3415
3003
3202
3195
2362
3021
3807
3175
3379
3649
2852
2731
2944
3176
3927
3244
2510
2839
2592
2481
2813
2698
2556
2792
2511
1814
1941
2417
2077
1869
2311
1725
920
1729
2029
910
1601
2222
780
582
1344
541
48
1108
600
-186
422
531
-158
-594
-338
-648
-1216
-1006
-625
-1052
-1197
-687
-1240
-1768
-1570
-1865
-2298
-2067
-1728
-1981
-2092
-1947
-2369
-2755
-2306
-2423
-2712
-2292
-2695
-3089
-2931
-2963
-2939
-2749
-2698
-2577
-2861
-3054
-2871
-3415
-3404
-3184
-3619
-3738
-3309
-3242
-3589
-3731
-3797
-3688
-4117
-4324
-3558
-4029
-4246
-3320
-3802
-3869
-2938
-3503
-3985
-3358
-3280
-3704
-3640
-3079
-3269
-3392
-2789
-3033
-3358
-2969
-2854
-3422
-3616
-3440
-3919
-3325
-2327
-2568
-2848
-3110
-3316
-3443
-3786
-3260
-2855
-3016
-2487
-2004
-2039
-2018
-1569
-1212
-1083
-1006
-1137
-758
-319
-425
-104
225
91
133
447
375
326
373
374
463
401
482
155
267
535
386
387
365
261
177
467
550
257
248
502
511
448
889
834
434
649
726
1188
1484
1038
921
1041
1027
949
1174
1273
1103
821
961
1022
626
1040
1072
559
680
761
412
234
389
847
1218
1172
1137
718
491
485
427
678
859
908
900
594
-63
-266
-31
28
250
971
1084
481
252
-94
-391
-32
122
122
186
-185
-271
-89
-140
-72
-197
-340
-216
-512
-776
-724
-876
-671
-486
-615
-501
-496
-505
-613
-935
-995
-1030
-1428
-1302
-950
-842
-896
-1196
-1042
-1048
-1411
-1310
-1259
-1524
-1437
-1242
-1263
-1304
-1560
-1514
-1235
-1612
-1918
-1191
-1041
-1883
-1758
-748
-287
-658
-101
522
-67
-373
-174
-143
108
726
816
450
699
1333
1486
1314
1538
1738
1355
1532
1944
1679
2043
2746
2972
2977
3169
3036
2644
2951
3015
2693
2827
3267
3453
3690
4087
4274
4374
4209
3994
3860
3794
4149
4510
4652
4782
4722
4628
4691
4745
4974
5198
5285
5320
5174
4851
5028
5258
5124
5495
5673
5314
5000
4994
5047
4802
4652
4860
4895
4583
4373
4340
4593
4446
3709
3546
3905
4169
4471
4315
3746
3812
4046
3918
3604
3315
3136
2829
2191
1975
2209
2008
2000
2197
1816
1163
844
574
433
388
253
273
527
411
-150
-124
-9
-450
-917
-1053
-1504
-1590
-1156
-1416
-1568
-1286
-1709
-2236
-2197
-2472
-3117
-3297
-3122
-3172
-3153
-3254
-3418
-3816
-4280
-4579
-4399
-4161
-5211
-5048
-4389
-5121
-5499
-4209
-4318
-5624
-4321
-4017
-5147
-5484
-3813
-3927
-5879
-4198
-3248
-3858
-4627
-3847
-3532
-5021
-3978
-3676
-5044
-5276
-3544
-4126
-6017
-4307
-4012
-5713
-4435
-3017
-4767
-5898
-4250
-3995
-4910
-2831
-2397
-4050
-3163
-2284
-2802
-2974
-2054
-1976
-2551
-1873
-1111
-1549
-1408
-1190
-2057
-1751
-1211
-1262
-1210
-877
-1045
-1326
-1040
-1075
-1258
-1211
-809
-1119
-1320
-535
-928
-1784
-919
-578
-2096
-1557
-781
-1745
-1135
-541
-1284
-1123
-346
-550
-43
-180
-771
135
-149
-1027
263
1483
-156
103
1574
986
-2
587
1748
56
210
1487
1185
443
423
1899
436
12
1663
1075
-124
707
1874
52
209
2273
754
-414
1604
1180
-1018
518
1724
-464
-6
1687
113
-691
395
404
-857
-636
210
-1021
-514
424
-789
-872
-576
-1140
-929
-758
-685
-493
-1170
-940
-450
-566
-110
-197
-526
37
-183
-559
431
164
-448
449
445
-408
119
369
6
640
-127
-463
954
1060
-203
965
1585
-932
215
1809
269
-702
1295
1428
-1082
463
1295
448
-41
1097
1737
-424
770
2003
1010
677
2161
2290
143
1547
2635
804
1535
3427
1886
413
2554
2549
207
1935
3511
1625
1335
3290
2435
549
2340
2605
1397
2180
2630
1995
1671
2832
2743
1826
2446
2970
1725
1531
2333
1246
1581
2603
2557
2011
2310
2605
1723
2221
2105
2640
2279
1200
1987
1779
967
1042
2653
1002
5
1637
1597
628
651
2414
411
-222
1584
1209
-700
-12
2510
-54
-63
1930
839
-348
1035
2452
-360
-24
2034
187
-526
1544
1520
-664
974
2303
232
680
2041
875
218
1658
1959
588
1322
2198
1079
1013
1795
1863
1400
1175
1759
1765
679
1713
2102
690
1888
2391
1228
1817
2353
1529
1551
2129
1769
1636
1705
1904
1874
844
1318
1454
452
1100
1873
2440
1843
1152
1812
1198
-295
993
1774
-1011
-545
1154
227
-878
94
770
-1788
-1597
-732
-1482
-2678
-1934
-116
-2362
-2225
-1028
-2129
-2706
-2006
-758
-2359
-2512
-866
-2070
-2527
-959
-1271
-3000
-1587
-378
-2238
-1679
-227
-1810
-2473
-1044
-1065
-1920
-737
-75
-1200
-1087
-897
-856
-1442
-1823
-376
-693
-1106
600
-330
-1759
-193
-454
-1638
-70
360
-1098
-804
-716
-1233
-824
-826
-1081
-1890
-2805
-2355
-1926
-2559
-2592
-2436
-2646
-3784
-3699
-3085
-4601
-4735
-3002
-3548
-5567
-3312
-3086
-5666
-3877
-2290
-4577
-4889
-1612
-3478
-4938
-2004
-2294
-4466
-2798
-839
-3592
-3215
-97
-1452
-2824
-388
-689
-2928
-1361
-120
-1889
-1391
188
-1358
-1597
-854
-1406
-1653
-1270
-1292
-1697
-1772
-1233
-1080
-1669
-1461
-1670
-2190
-1714
-1498
-1601
-2071
-1962
-1614
-2376
-1884
-1156
-2428
-2987
-1213
-2339
-3143
-1152
-2572
-3785
-1404
-1237
-3006
-476
-412
-3239
-1492
-583
-2429
-2147
-92
-1704
-2612
-218
-124
-2040
-530
1228
-1855
-1745
502
-758
-2254
389
1249
-1684
-374
1762
-171
-956
2355
1562
-657
2033
2360
-173
429
2701
1453
919
3152
2645
845
1608
3113
1749
1337
3174
2257
874
1996
2617
1449
1162
2858
2062
-395
1671
2520
211
1507
2933
708
161
2064
1683
-101
730
1720
228
-83
1328
310
-720
453
-124
50
533
-230
345
1593
666
-224
1705
171
-894
1303
1821
999
1720
3368
1321
1299
3147
2665
783
2002
4412
1715
1664
4252
2648
784
3581
3831
732
2146
4046
1584
1133
4054
2405
566
2977
3136
910
2156
3155
1046
1903
2687
1675
1509
1661
1680
897
1178
1985
1244
1117
2012
1280
1466
2002
1276
1641
1583
1268
1491
1359
1554
2026
1710
2592
2623
1043
2368
3129
1665
2429
4401
2373
1883
4931
4213
2128
2823
4321
1801
1762
4252
3452
2440
2733
4195
2471
1890
3602
3113
1816
2512
3918
1460
1321
3771
2208
1158
3591
2904
-138
1535
3332
825
979
3535
1693
276
2080
1295
-717
785
1252
-155
677
923
449
49
704
530
-607
288
333
-444
81
617
-42
493
843
266
578
-23
-456
-555
-270
-406
-740
-367
11
-512
-2004
-1015
-902
-1931
-1285
-214
-1547
-3025
-1299
-1765
-3142
-2997
-1475
-2206
-3770
-2441
-2280
-3232
-4118
-2022
-2952
-5208
-2539
-1772
-3875
-4122
-1361
-3006
-5016
-2215
-2234
-3690
-2147
-961
-3278
-3613
-809
-2234
-3831
-1253
-1317
-3223
-2315
-1392
-2091
-1805
-1278
-2030
-2563
-2425
-1924
-2471
-2268
-1760
-2266
-1899
-2297
-2393
-1825
-2690
-2519
-1784
-2299
-2386
-1822
-1732
-1962
-2148
-1823
-1524
-2257
-1670
-780
-1987
-2042
-302
-965
-2020
-925
-1101
-2066
-2076
-1709
-1678
-1738
-1342
-1455
-1566
-1023
-912
-1751
-2071
-1940
-2324
-2045
-1950
-2413
-2483
-2578
-2718
-3060
-2975
-2419
-2205
-2826
-2785
-2484
-3242
-3038
-2452
-2373
-1871
-1325
-1609
-1906
-1554
-1311
-1286
-1137
-1060
-1494
-1531
-1319
-1528
-1417
-1300
-1299
-1387
-1509
-1427
-1321
-1551
-1817
-1437
-1228
-1551
-1683
-1730
-1634
-1338
-1044
-884
-915
-1097
-1091
-1178
-1260
-1278
-1354
-1250
-1333
-1461
-1665
-1323
-1105
-1498
-1486
-1636
-1917
-2049
-2177
-2010
-1680
-1571
-1579
-1432
-1414
-1352
-946
-592
-779
-716
-191
-94
0
506
829
939
1396
1871
1790
1644
1840
1895
2042
2275
2280
2097
2289
2945
3146
3504
3641
3236
3038
2671
2414
2745
3324
3746
3799
3885
3902
3571
3685
4591
4828
4477
4598
4525
4251
4123
4200
4626
4615
4517
4976
5174
4755
4791
4836
4346
4636
4574
4158
4140
4252
4142
3646
3437
3537
3391
2911
2952
3070
2840
2911
3452
4109
4097
4062
3660
3262
3217
3307
3639
3723
4048
4155
4197
4251
4027
3889
3679
3483
3298
3239
3059
3185
3401
3239
3348
3253
2990
2630
2482
2628
2388
1979
2253
2666
2469
2661
2870
2303
1981
1956
1556
1300
1453
1336
1267
1369
1031
754
927
1092
843
408
202
16
-32
-240
-472
-243
-420
-648
-740
-843
-883
-1267
-1368
-1252
-1635
-1860
-1433
-1509
-1987
-1391
-1043
-1367
-1655
-1745
-1498
-1713
-1851
-1569
-1582
-1569
-1355
-1636
-1843
-1757
-2004
-2119
-2154
-2177
-2245
-2272
-2249
-2172
-2082
-2411
-2669
-2672
-2658
-2417
-2007
-2023
-2235
-2263
-2597
-3110
-3070
-2808
-3068
-3190
-2961
-3033
-3124
-2975
-3021
-2944
-2473
-2752
-3045
-2562
-2587
-2890
-2923
-3057
-3126
-3042
-2806
-2791
-2888
-2442
-2303
-2558
-2616
-2640
-2927
-3299
-3194
-2673
-2010
-1365
-1023
-1386
-2166
-2548
-2281
-1980
-1327
-171
-86
-740
-1342
-1903
-1940
-1293
-451
-86
-35
87
-208
-1235
-1399
-1117
-1320
-1024
-521
-146
-247
-540
-1003
-1800
-2312
-2299
-1904
-1647
-1541
-1426
-1371
-1539
-1842
-1981
-1853
-1802
-1846
-1676
-1724
-1561
-1300
-1246
-1247
-1426
-1440
-1460
-1154
-771
-716
-674
-817
-625
-459
-372
-328
-654
-394
-189
-258
-113
136
385
355
309
239
392
414
526
600
479
806
1067
1107
481
581
872
664
1179
1181
1090
897
576
653
348
519
513
334
445
537
521
-222
-148
182
-364
-196
25
-390
-466
-180
-477
-527
-304
-606
-609
-513
-575
-594
-648
-810
-774
-632
-710
-795
-758
-719
-942
-971
-862
-855
-839
-740
-622
-918
-867
-566
-406
-335
-821
-915
-552
-492
-262
50
-71
-111
43
-41
-231
0
455
304
286
702
599
421
840
1035
888
1010
921
1065
1197
983
1146
1796
2018
1447
1314
1893
2392
2486
2437
2192
2315
2525
2149
2130
2570
2944
2820
2428
2622
3008
2773
2735
2934
2724
2593
2930
3037
2658
2837
2763
2818
3055
2691
2391
2297
2965
3285
3074
3269
3059
2986
3097
2621
2104
1975
2208
2545
2628
2810
3248
3354
3092
3157
2989
2546
2997
3325
3126
3405
3471
3450
3387
3349
3298
3043
3462
3636
3150
2887
2677
2330
2408
2517
2167
2097
1937
1912
2265
2220
2221
2174
1536
1261
1357
1335
1760
2108
1892
1693
1585
1387
1161
996
526
235
99
-199
-225
-94
478
451
97
206
-169
-460
-586
-1051
-1374
-1174
-1267
-1475
-1294
-1100
-907
-1121
-1492
-1722
-1631
-1407
-1561
-1754
-1865
-1826
-1977
-1795
-1334
-1362
-1340
-1298
-1407
-1622
-1393
-1167
-1223
-1098
-1189
-1300
-1329
-1432
-1554
-1490
-1534
-1541
-1293
-1588
-1863
-1673
-1889
-1970
-1575
-1923
-2184
-1485
-1394
-2214
-2241
-1793
-2476
-3307
-2619
-2209
-2533
-1858
-2261
-2493
-1469
-2133
-2544
-2366
-2990
-3122
-2240
-1823
-2247
-1764
-1702
-2439
-3165
-2857
-2544
-3531
-3234
-2881
-3736
-3510
-2794
-3585
-3944
-3045
-2660
-2520
-2454
-2549
-3054
-2689
-1776
-1628
-1823
-1903
-2196
-2291
-1488
-1336
-1060
-1110
-1867
-2304
-2548
-2451
-2375
-2303
-1973
-1532
-1634
-1713
-1689
-1867
-2113
-2235
-2076
-2046
-1867
-1734
-1711
-1857
-1847
-1491
-1523
-1923
-1606
-1184
-1882
-1573
-1069
-1766
-1390
-352
-862
-1657
-1331
-1438
-1465
-872
-1114
-1495
-1379
-1158
-1312
-1514
-1317
-1661
-1496
-775
-1069
-1272
-617
-1042
-1837
-1193
-648
-251
415
391
-264
-592
-283
-494
-727
-363
219
294
-46
441
-2
-702
-98
73
-345
-122
353
-148
-313
307
210
-132
304
583
161
331
908
700
705
1221
1146
1212
1474
1485
1600
1878
2155
2130
2141
2387
2245
1804
2032
2384
2136
1934
2249
1931
1145
1459
2324
2285
1936
2710
3057
2799
2906
2218
1455
2101
2343
1536
2072
2665
2446
2549
2616
1979
1167
1261
1416
1622
1718
1962
1733
760
1271
1844
1536
1418
1825
1628
1101
1863
1878
1441
2178
2357
1710
2023
2851
2263
1996
2656
2631
2869
3105
2759
2438
2353
2188
2125
2542
2805
2779
2963
2630
2586
3143
2533
1900
1987
1546
1677
2376
2205
2606
3211
2760
2453
2167
1701
1693
1408
1219
1788
1903
1648
1399
507
499
1298
675
470
1262
569
195
1217
1043
227
1010
1498
539
282
670
787
496
338
180
-261
8
1577
2534
1762
1874
1659
-15
76
875
625
524
1151
1313
622
865
916
-101
-137
467
36
-409
44
52
-403
-110
266
-29
-429
-358
-480
-1210
-721
-204
-1284
-1097
-228
-1263
-1595
-954
-1292
-1233
-983
-1127
-1303
-1868
-1765
-854
-1148
-1369
-623
-1261
-1736
-1206
-1506
-2123
-1438
-915
-1443
-1239
-690
-382
-665
-465
-438
-1426
-1666
-1200
-1103
-1914
-1238
-811
-1736
-1401
-1079
-1705
-2117
-1643
-1539
-1728
-1291
-1223
-1762
-1807
-1460
-1616
-1640
-1137
-1040
-1147
-1070
-1182
-1231
-1291
-1028
-538
-1172
-1579
-1060
-1578
-2039
-1094
-921
-1290
-661
-543
-888
-1038
-1400
-1025
-798
-948
-761
-836
-426
38
-773
-679
194
-1061
-1103
51
-723
-1105
187
509
-621
-221
-184
-650
-394
-756
-833
-1015
-953
-747
-749
-376
-130
-937
-1536
-1159
-1755
-2187
-1604
-1298
-1648
-1289
-769
-1868
-2146
-1584
-2242
-2645
-1836
-1614
-2554
-2695
-2424
-2913
-2536
-1774
-2303
-2616
-1979
-2324
-3083
-3195
-3454
-3764
-3949
-3466
-3168
-3861
-3462
-2939
-3965
-3946
-3176
-3425
-3261
-3126
-3404
-2851
-3066
-3779
-3259
-3348
-3419
-2534
-2453
-3090
-2647
-2407
-3281
-3118
-2650
-2843
-3098
-2818
-2465
-2569
-2611
-1895
-1378
-2380
-1783
-559
-1467
-1324
-368
-723
-1150
117
1177
909
1696
2082
1138
889
1150
1091
1389
2501
2716
2622
2913
2433
2397
2419
2203
2777
2471
2376
3589
3165
2226
3077
3010
2154
3381
3941
3007
3550
4308
4184
4096
4222
4086
3593
4417
5183
4180
4328
5185
4596
4531
4962
4194
3709
4858
4960
3925
4612
4807
3952
4050
4454
4019
3590
4383
4480
3525
3733
4497
3882
3616
4918
4831
3984
4308
4105
3301
3752
4437
3321
3253
4021
2655
2268
2985
2435
1864
3179
3371
1743
1780
1975
1189
897
1151
1217
1981
2416
1721
1471
1672
1586
1387
1347
1518
1981
2001
1996
1952
2046
1746
1349
2342
1911
971
1839
1689
189
353
873
-238
-186
646
-177
-924
-110
-111
-962
-231
227
-687
-961
-370
-615
-1690
-1113
-870
-1916
-1515
-741
-1399
-1763
-816
-1153
-1767
-1222
-1264
-1475
-1174
-1067
-1066
-924
-935
-1046
-1011
-1025
-1214
-1230
-1332
-1513
-1479
-1788
-1970
-1142
-1667
-2373
-696
142
-767
-893
-416
-1531
-1946
-1007
-1714
-1700
-537
-628
-1120
-580
-401
-839
-1170
-1436
-1673
-1629
-1004
-973
-1234
-885
-770
-1446
-1444
-1477
-2061
-1781
-1617
-1695
-1566
-974
-782
-1337
-911
-729
-1188
-1362
-1025
-1348
-2052
-956
-667
-1759
-1353
-659
-1248
-1359
-366
-609
-940
-348
-569
-899
-725
-398
-322
-383
-234
-354
-848
-808
-703
-964
-923
-812
-853
-1194
-1178
-942
-1270
-1050
150
-205
-1226
-658
-1067
-1859
-1021
-513
-1265
-680
-440
-1510
-468
271
-669
-952
-342
-1047
-1350
-297
-677
-1037
-1154
-832
-944
-1547
-935
-887
-1408
-1300
-734
-2014
-2776
-1616
-2148
-2480
-1562
-1380
-1699
-1113
-862
-1671
-1283
-676
-824
-588
-280
-542
-634
-188
36
-212
-141
-227
-816
-623
-567
-627
-346
-1120
-1530
-993
-1900
-2131
-834
-1689
-2325
-1407
-1966
-2526
-2094
-2077
-2527
-2490
-2388
-2520
-2553
-2263
-2191
-2869
-1687
-1344
-2660
-1418
-548
-2399
-2310
-755
-2158
-1599
1
-1276
-1470
-296
-361
-1438
-1010
-486
-395
-359
-15
258
-845
-233
501
-499
-557
850
653
-450
976
1341
588
1432
1792
1036
1192
1631
1283
1592
2459
2684
2439
2441
2505
2415
2096
2054
2475
2318
2475
3078
2225
1752
2356
2016
1557
1489
1721
1280
599
1123
874
535
1277
1002
490
1340
1005
243
714
287
-238
969
1526
881
1509
1563
1234
1332
1684
2209
1240
1003
1496
1095
978
1951
2035
1017
1749
2071
1005
1205
1888
1190
1250
2050
1040
328
912
929
498
821
1347
961
396
699
780
386
1030
1273
705
842
936
1133
1513
1340
1336
1199
1098
1426
1283
1500
2272
2002
1441
1556
873
762
1231
688
849
988
896
1314
1182
803
1761
2246
1390
1991
1862
888
1855
2492
1263
1565
2555
1365
1299
2369
2480
1909
1710
2059
1954
1665
2332
3397
2866
2730
3244
2036
1440
2648
2603
1406
2293
3361
2321
2643
3280
1905
1695
2569
2022
1792
2704
2109
1593
1885
1437
1588
1742
1505
1961
2165
1909
2394
2414
1695
1502
1635
878
392
1391
800
174
1159
610
-607
240
231
-1456
-350
158
-1180
-1087
-351
-695
-1424
-650
-675
-1208
-1211
-1037
-1034
-1800
-1388
-1395
-2151
-1384
-562
-1483
-1540
-74
-1038
-1951
-1247
-1328
-1938
-1423
-422
-1322
-1595
-662
-2023
-2990
-1192
-1096
-2303
-1342
-896
-1488
-1245
-1106
-1847
-2563
-2134
-2402
-2857
-1903
-1768
-2437
-2466
-2692
-3184
-3340
-3600
-3884
-3848
-4101
-3911
-3677
-4453
-4423
-4114
-4497
-4891
-5415
-5452
-5486
-5363
-4423
-4858
-5693
-4513
-4711
-5570
-4065
-3792
-4882
-4236
-3761
-4805
-4125
-3062
-3943
-3982
-3136
-3063
-3577
-3027
-2366
-3262
-3433
-2303
-2482
-3840
-3145
-2323
-4093
-4237
-2381
-2682
-3351
-1940
-1549
-2622
-2732
-3313
-3797
-2879
-1784
-1431
-1440
-1218
-1359
-1581
-1175
-571
-978
-974
-133
-626
-623
516
856
578
246
171
-34
-123
324
542
221
462
919
619
630
739
223
407
911
832
1240
1327
1002
1510
1507
1004
1821
1787
808
1440
1651
938
1287
1977
1390
1130
1863
1404
758
372
540
1117
727
1373
1492
571
1325
1322
-116
237
1117
172
448
1663
1145
894
1580
1748
924
970
1786
1051
885
1559
1035
1008
1531
1264
1591
1915
1219
1294
1123
73
603
1285
945
2096
2615
1332
1136
1918
2123
961
1446
2910
1796
1362
3696
3201
905
2921
3264
1417
1998
2976
2163
1545
2869
2399
2639
2469
2069
3302
2307
2093
2717
2454
1497
2198
3160
1819
2118
2887
1951
1448
2381
2381
1189
1893
2640
1060
1172
2551
1388
961
2113
1725
882
1727
2502
1757
1314
1755
1442
1329
1802
1091
1435
2073
1649
1229
1274
1327
734
917
1032
581
925
1710
1355
621
920
1033
732
850
1294
1078
647
1499
1768
717
1022
2005
833
410
1841
1216
269
1397
2002
1092
172
208
950
306
-28
2138
1821
-255
1007
1881
-225
-413
2042
52
-1294
1987
1564
-18
528
1501
586
-393
1140
1168
109
367
1155
124
-1100
363
432
-1180
-39
744
-443
-359
473
-112
-1116
866
1540
-267
350
1044
-524
-1080
306
-516
-1180
-434
-358
-508
-57
911
-733
-1353
-360
-2011
-2945
-1486
-1179
-2574
-1169
-589
-2955
-2711
-1766
-2963
-3814
-1757
-1758
-3563
-2618
-1727
-2763
-3819
-2637
-2515
-3752
-3820
-2174
-2698
-5057
-3017
-2190
-4273
-4381
-2112
-3104
-5280
-2549
-2750
-4086
-3484
-2622
-2627
-3793
-2337
-1953
-2642
-2491
-1469
-1518
-3111
-1710
-914
-2763
-2284
-714
-1942
-2957
-1050
-1268
-2898
-1478
-844
-2551
-2466
-604
-1306
-2170
-802
-924
-1632
-712
-870
-1394
-948
-933
-358
-972
-1107
410
-769
-1506
304
987
283
1146
1187
590
672
-445
252
473
376
1684
1597
637
1198
835
-430
1665
1032
-936
1455
1935
-772
-10
2450
-189
-1477
1171
1305
-1461
-480
1442
-1399
-1539
586
-108
-1606
674
1137
-1808
-379
545
-2122
-2156
95
-1175
-2813
-412
944
-1282
-1647
-106
-2143
-3359
-826
-1298
-3261
-512
825
-1666
-1043
87
-1239
-2416
-1320
-750
-2273
-1184
408
-444
-1207
-95
-31
-1928
-1616
-458
-1839
-2250
-284
-899
-2217
-240
-444
-2432
-1217
-472
-2106
-1160
-345
-1317
-636
-786
-907
-378
-1059
-1659
415
110
-2043
-379
45
-1534
-1495
984
-203
-1975
336
-4
-1129
-1316
278
-350
-1848
222
465
-721
-1081
1213
495
-1495
1255
1348
-900
473
2728
704
10
2733
1242
-173
2398
2435
841
2410
4029
2757
2895
4154
3206
2740
3467
3872
3030
3306
5150
4436
4249
6057
5061
3811
5000
4793
4192
4861
5151
4368
4149
5012
4774
4038
5068
6433
4929
4864
6076
3711
2992
6477
5682
2743
4468
5074
3160
3236
5668
4935
3139
4471
5079
3432
2443
4743
3593
1236
3757
4303
2016
2605
4991
2890
1277
4086
3536
1017
2706
4257
1930
1509
4090
3056
1482
4237
4101
1340
2450
3468
1446
1031
2188
1613
1319
2344
2571
1584
1359
1198
680
948
820
1146
969
-149
583
903
-339
90
338
-131
625
253
-236
793
309
-125
335
-480
-762
-100
-480
-399
260
-940
-1110
-967
-1123
-974
-1535
-1431
-1603
-2408
-2341
-1019
-2440
-3543
-1936
-2352
-3631
-3075
-1376
-3303
-3942
-2035
-2757
-3975
-3484
-1679
-3627
-4069
-2152
-3122
-3975
-3030
-1994
-4017
-4175
-2371
-3825
-4674
-2908
-2624
-4933
-4195
-2289
-4443
-4679
-2387
-3551
-4866
-3473
-2983
-4314
-4362
-3045
-4206
-4838
-3319
-3728
-4079
-3338
-3559
-3262
-3050
-3230
-2625
-3178
-3628
-3055
-3177
-3089
-2230
-2129
-1977
-1371
-1911
-1998
-1476
-1730
-1606
-1556
-2000
-1535
-888
-889
159
774
-281
-794
-950
-1340
-1350
-625
141
-17
159
725
69
-656
-435
-155
-669
-579
-271
-803
-390
-100
-798
-1158
-926
-871
-911
-699
-665
-908
-1218
-1006
-488
-662
-859
-549
-937
-1568
-2022
-2204
-1608
-1850
-1900
-1561
-1559
-1425
-2190
-2733
-2771
-2990
-3025
-3247
-2256
-1416
-2374
-2442
-2104
-2088
-2030
-2685
-2663
-2598
-2765
-2487
-2103
-1900
-2028
-2162
-2237
-1962
-2061
-2130
-2062
-2295
-2196
-1791
-1699
-1887
-1424
-1362
-1787
-1659
-1640
-1691
-1513
-1911
-1839
-935
-758
-1079
-764
263
528
365
406
-115
-214
479
715
664
952
1432
1065
728
1201
1295
1060
862
1047
1011
973
1055
827
1223
1831
2057
1950
2168
2096
2018
2517
2578
2428
2412
2747
2864
2948
3160
3196
3438
3559
3376
3240
3608
3818
3762
3916
3958
3925
3622
3588
3897
3766
3720
4217
4382
4159
4280
4631
4526
4359
4499
4649
4577
3778
3778
4650
4769
4398
4745
5334
4870
4185
3736
3503
3972
4094
3914
3980
3404
3081
2667
1983
2008
2320
1772
1201
1552
1521
983
364
674
669
98
250
650
686
163
165
485
260
-8
276
141
85
403
400
432
352
82
-74
70
345
468
1022
1485
915
1123
1773
1839
1444
1046
865
535
1129
1703
2012
2316
2433
2855
2344
2099
2171
1847
1762
1719
2037
2177
2398
2444
2073
2366
2408
2087
2045
1832
1465
1796
2477
2156
1928
2152
1713
1492
1473
1364
1347
1386
1420
1266
1264
965
818
1154
832
277
669
711
158
89
252
-124
-351
272
143
-330
-59
107
-28
-146
-249
-431
-518
-577
-613
-910
-1188
-1701
-1989
-1794
-1595
-1468
-2114
-1745
-1355
-2191
-2232
-2376
-2869
-3012
-2845
-2589
-2541
-2447
-2818
-2792
-2616
-3089
-3290
-3235
-3197
-3597
-4031
-3772
-3503
-3536
-3470
-3564
-3688
-4054
-4312
-3771
-3261
-3017
-3021
-2853
-2975
-3688
-3682
-3525
-3717
-3570
-3188
-2972
-2854
-3268
-3416
-2885
-3029
-3239
-3114
-2996
-3385
-3340
-2850
-3224
-2911
-2521
-2800
-2975
-2810
-2145
-2342
-2519
-2105
-2412
-2172
-1745
-2341
-2666
-2396
-2170
-1979
-1965
-1774
-2139
-2418
-1852
-1562
-1360
-1212
-1296
-1863
-1956
-1719
-2147
-2104
-2045
-1727
-1212
-1534
-1600
-1512
-1952
-2091
-2393
-2681
-2047
-1513
-1169
-1207
-1283
-1103
-1040
-1022
-1095
-1218
-1372
-1206
-1289
-1235
-805
-528
-209
-45
-19
-70
-227
-238
51
20
-355
-166
158
173
453
314
-29
-51
-348
-404
-326
-414
-425
-431
-479
-616
-453
-309
-495
-491
-484
-833
-984
-714
-803
-917
-426
-246
-579
-458
-258
-643
-886
-926
-1122
-1316
-754
-187
-361
87
1043
1069
649
712
299
4
635
958
730
752
1149
1203
861
845
1134
940
627
829
867
616
1331
1632
1350
1907
1997
1916
1850
1641
1463
1386
1493
1774
2196
1985
2283
2519
2057
2202
2208
2118
2159
2323
2389
2141
1932
2089
2352
2154
1965
2471
2360
1775
1841
1854
1700
1893
2392
2297
2261
2339
1917
1919
1933
1762
1901
2236
2262
2184
2052
2159
2522
2486
2515
2236
2527
2836
2440
2319
2401
2446
2364
2436
2482
2252
2363
2838
3095
3015
2549
2487
2135
1812
2291
2738
2987
3153
3243
2801
2662
2421
2253
2863
3028
2923
2869
2709
2811
3065
2868
2682
2619
3025
3140
2359
2062
1811
1828
1628
1471
1621
1521
1882
1973
1698
1427
1214
1387
1565
1384
1111
729
468
393
642
1126
1274
1187
1186
1174
917
794
935
941
1000
1039
938
787
566
686
616
546
860
864
937
1211
1247
664
356
578
375
281
473
861
1394
1240
840
292
72
1365
1633
1533
2206
1942
1433
868
849
790
547
336
222
458
317
143
-90
-246
-503
-763
-1131
-1641
-1292
-1249
-1813
-1976
-2123
-2189
-2366
-2388
-2184
-2247
-2321
-2299
-2532
-2391
-2292
-2673
-2400
-2322
-2103
-2003
-2565
-2532
-2335
-2253
-2052
-2421
-2990
-2721
-2706
-2912
-2866
-2961
-2484
-2599
-3046
-2867
-3374
-3131
-2417
-3086
-3641
-3410
-3494
-4108
-4197
-3817
-3486
-3388
-3475
-3547
-3593
-3753
-3926
-3723
-3466
-3180
-3484
-3616
-3720
-4019
-3902
-3730
-3788
-4051
-3690
-3523
-3944
-4234
-4306
-4123
-3855
-3875
-3799
-3425
-3406
-3521
-3488
-3671
-4103
-3804
-3274
-3611
-3720
-3354
-3271
-3334
-3166
-2856
-2911
-3215
-3102
-2922
-3089
-3316
-3331
-3187
-3107
-3146
-3132
-2913
-2796
-2710
-2505
-2594
-2580
-2521
-2724
-2400
-1591
-1403
-1562
-1587
-1206
-1146
-1659
-1237
-702
-789
-938
-608
-344
-627
-321
649
1010
387
263
488
494
125
-123
77
-424
-226
760
907
1272
1810
1614
1442
1322
1024
561
530
886
1142
1242
1224
1674
1701
1342
1341
1219
1081
1089
1330
1134
1080
1389
1216
1292
1675
1590
951
778
1103
1144
1081
927
861
1147
1465
1720
2025
2133
2084
2093
1955
2073
2109
2188
2190
1906
2313
2700
2353
2471
2751
2347
2438
2559
2610
3127
3238
3319
3216
3236
3187
2719
3387
4017
3693
3689
3905
3877
3643
3472
3296
3271
3543
3704
3866
3197
2716
3420
3860
3646
3351
3320
3555
3294
2918
3251
3190
3092
3467
3367
3036
2891
2931
3309
3440
3165
2865
2425
2175
2436
2616
2376
2635
3131
3119
3096
2689
2450
2779
2552
2139
2277
2707
2754
2494
2474
2401
2223
2036
2082
2249
2264
2303
2487
2592
1735
635
228
688
1646
1894
2201
2741
2720
2679
2012
1115
950
787
797
954
1042
906
777
1200
1406
1194
1020
707
592
285
25
-35
-407
-249
-2
165
414
210
301
350
-4
-217
-523
-462
-475
-713
-480
-108
-27
-161
-287
-376
-559
-1221
-1493
-999
-864
-940
-784
-634
-747
-1025
-1342
-1486
-1250
-808
-611
-759
-660
-670
-1101
-1122
-738
-876
-989
-786
-743
-638
-936
-870
-426
-858
-1221
-1162
-1205
-1215
-862
-851
-1323
-1371
-1203
-1084
-1244
-1551
-1505
-1511
-1547
-1359
-1282
-1197
-1267
-1619
-1741
-1522
-1422
-1481
-1627
-1648
-1447
-1584
-1596
-1243
-1465
-2113
-2095
-1775
-1771
-1907
-2005
-2176
-2491
-2300
-2253
-2528
-2497
-2512
-2509
-2420
-2538
-2814
-2754
-2599
-2743
-2968
-3136
-3248
-3284
-3077
-2991
-3198
-3184
-2868
-3078
-3212
-3280
-3364
-3137
-3278
-3625
-4013
-3763
-3257
-2855
-2292
-1973
-1668
-1927
-2416
-2798
-3350
-3433
-2869
-2524
-2180
-1721
-1963
-2153
-2347
-2127
-2043
-2667
-2652
-2445
-2505
-2948
-3482
-2948
-2108
-2108
-2578
-2476
-2339
-2578
-2102
-1887
-2146
-2160
-2214
-2216
-1714
-1485
-1444
-1111
-1740
-1983
-1662
-1662
-2083
-1869
-765
-884
-523
-508
-961
-843
-1303
-1106
-868
-787
-424
1
-153
-635
-189
-220
-347
-40
-150
-355
-411
-372
-425
35
313
-66
310
304
-36
163
370
540
665
649
633
749
826
982
1033
1216
1201
911
985
1090
1140
944
626
995
1085
1131
1635
1371
1345
1732
1775
1695
1717
1930
1709
1468
1764
2226
2374
2167
2185
2263
2156
2162
2191
2206
2228
2241
2184
2182
2593
2774
2769
2725
2545
2683
2521
2233
2463
2662
2896
2686
2449
2512
2370
2578
2534
2363
2509
2479
2145
1924
1763
1918
2187
2624
3837
4088
3867
3509
2655
2550
2545
2503
2967
3222
3333
3621
3816
3678
3562
3296
2911
2767
2738
2973
2831
2961
3158
3009
3068
3084
3491
3681
3812
3754
3421
3244
2830
2651
2605
2659
2705
2510
2482
2619
2490
2593
2757
2033
1507
2065
2468
2387
2474
2308
1812
1332
1114
1119
1310
2001
2437
2594
2280
1802
1995
1453
801
1131
1697
1625
1353
1262
737
1094
1596
1254
1302
1428
1098
658
389
46
-376
-841
-1162
-726
-164
30
153
-315
-485
-294
-1178
-1893
-1526
-1331
-1436
-1547
-1761
-1713
-1260
-1520
-1742
-1428
-1724
-2075
-2195
-2156
-2439
-2688
-2436
-2116
-2109
-2536
-2700
-2855
-2878
-3115
-3229
-2847
-3097
-2928
-2828
-3242
-2982
-3137
-3599
-3277
-3143
-3329
-3547
-3498
-3017
-2806
-2811
-2687
-2475
-2988
-3234
-2860
-2825
-2546
-2522
-2627
-2443
-2813
-3315
-2929
-2422
-2182
-1994
-1929
-2026
-2145
-1689
-1540
-2098
-2616
-2805
-2859
-2598
-2027
-1674
-1416
-1267
-1458
-1926
-2035
-2033
-2030
-2128
-2314
-2165
-2117
-2081
-2205
-1798
-1250
-1288
-1319
-1451
-1514
-1833
-1761
-1425
-1498
-1509
-967
-348
-266
-354
-344
-28
-97
-101
488
1158
1044
147
-22
-161
-387
167
493
237
-7
214
310
310
459
111
-102
-200
-726
-775
-275
-38
-459
-532
-250
235
432
-291
-217
-16
-375
-697
-404
559
862
929
717
552
1206
1009
336
73
-26
-273
-671
-100
342
72
-169
-426
-708
-1196
-1161
-785
-907
-1144
-1356
-1141
-918
-1124
-760
-17
314
-329
-653
-130
-548
-638
-376
-363
171
207
436
612
428
60
-544
-640
-437
-105
-63
-92
-355
-658
-436
-283
-240
-449
-635
-664
-690
-818
-864
-383
-328
-814
-706
-816
-957
-856
-1067
-624
-798
-1394
-1798
-1745
-963
-721
213
936
525
193
-254
-684
-898
-473
26
102
67
63
59
103
444
552
425
578
197
-160
232
179
33
488
821
579
1116
1973
1632
1408
1671
1188
1021
1961
2081
2110
2609
2177
1341
1411
1297
821
1450
1470
1458
2251
2075
1312
1811
1952
1485
2206
1934
1650
2253
2886
3068
2200
2610
2872
2165
2429
2705
2522
2313
3029
3064
2500
3194
3625
3505
3124
3042
2655
2693
3949
3673
3222
3873
4254
4019
4173
4820
4205
3927
4443
4275
4029
3151
3344
4849
4858
4139
4011
4525
4908
4639
4447
4233
4389
4421
4006
4500
4911
4417
3787
3827
4087
3499
3507
4099
4130
3729
2971
2570
2381
2290
1792
1538
1547
1193
1160
1400
1938
1987
1649
1950
1622
243
186
554
-406
-774
278
756
-790
-570
684
-709
-1169
277
186
-2149
-2247
-1273
-2794
-2956
-1392
-1660
-3126
-2142
-1193
-3595
-3924
-1538
-2283
-3968
-2295
-2394
-4933
-3528
-2560
-4780
-4550
-3189
-4664
-5851
-4634
-4428
-5424
-4743
-3903
-5067
-5633
-4851
-5185
-6004
-5923
-5835
-6033
-6113
-5500
-5220
-5604
-4921
-4566
-5520
-5764
-5326
-5411
-5504
-4852
-4447
-4561
-4662
-4612
-4801
-5313
-5077
-4431
-4296
-4396
-3427
-3286
-4294
-4034
-3674
-3857
-3689
-2548
-2431
-2835
-2288
-1921
-2326
-3585
-3375
-1775
-1419
-2061
-432
534
-1670
-1028
492
-724
-1767
434
513
-2195
-188
1289
137
211
2062
1897
-304
1073
1607
190
470
2007
1705
195
1403
1572
369
1125
2284
966
-129
1608
1210
-50
1575
1683
86
850
1798
829
439
1264
636
-1
469
122
157
740
1090
1404
694
386
569
-466
-420
682
-350
-345
1328
225
-629
1107
742
-714
591
487
-207
170
81
-164
-545
165
48
-335
-1177
-1353
-405
-741
-576
5
99
-1055
-970
-490
-1185
-1580
-951
-458
-1822
-591
249
-215
-338
-16
1862
585
-303
122
-546
-1159
-78
944
-1047
-141
1533
-128
-577
552
175
-1614
-882
409
-1206
-801
569
-957
-1069
389
-303
-696
891
338
-135
860
608
1226
1730
1583
1576
1460
1444
1783
1963
1726
1588
1830
2338
1762
1434
1764
2327
2141
1473
1950
1814
1105
1389
2279
1346
1405
3031
1744
507
2190
3034
1274
1572
2823
2381
1072
1398
3507
1344
1023
2969
2284
1864
2175
3272
1756
1916
3440
1838
1970
2744
3053
1645
1450
3426
1706
861
2675
2645
926
1299
2157
574
1656
2763
1338
1654
2532
2268
1512
2482
2380
2161
3241
2121
2864
3178
2040
2382
2192
2172
2600
2442
2451
2898
1934
1737
2410
813
598
2369
2058
1959
2741
1707
862
1039
1267
85
-248
1509
1240
353
1926
2229
-231
-305
1988
1249
-734
992
1929
-257
-281
946
305
-895
267
1945
407
908
1918
83
-64
218
860
-3
-594
659
88
545
1397
1381
267
453
1710
364
164
1134
751
320
720
1060
755
586
380
110
249
-238
390
1040
-966
-1235
-227
-1504
-1485
244
-545
-1812
-953
-953
-1743
-1200
-945
-1910
-2178
-1602
-1240
-2152
-1958
-1029
-1693
-1970
-2527
-2761
-2338
-3009
-3321
-1789
-2465
-4245
-2912
-2882
-3007
-2066
-2525
-3782
-4111
-3253
-3252
-3727
-4513
-3422
-3490
-4334
-1846
-1561
-2611
-2742
-1900
-2638
-5318
-4294
-3197
-3515
-3081
-1876
-1988
-3759
-2642
-2118
-3339
-2842
-2440
-2915
-3120
-2044
-2069
-3122
-2643
-2610
-2124
-1998
-2080
-822
-2417
-3825
-2249
-2766
-3565
-1054
29
-1618
-1514
-1543
-2975
-2864
-1942
-1774
-1761
-1162
210
-57
-718
-254
-876
-1043
-1610
-2436
-1913
-1564
-1192
416
916
-940
472
2074
174
-791
327
390
-1172
-31
309
140
23
909
3174
714
-315
395
-159
-1573
-1657
574
-1294
-518
1594
299
-328
-153
-9
-2146
-1562
92
-1143
-714
606
310
-969
-1101
-184
-58
-224
607
1192
87
-325
555
-352
-984
675
1339
593
818
1861
137
-945
752
-3
-549
81
-325
-917
-205
220
210
131
-330
480
567
-42
-533
290
202
-779
868
1595
646
287
2096
1418
-111
1551
2100
1068
-65
1269
633
-460
1247
1415
859
784
1994
1314
-341
926
1206
438
1729
2402
861
1067
2333
1311
1417
2942
2003
1197
2888
2956
1441
2445
2657
1616
2639
2740
2419
2650
2461
2542
2439
2956
3142
2288
2066
1557
1177
2405
2018
967
1863
2177
1505
1549
1817
1175
1162
794
1447
1667
554
3117
3855
1600
901
1181
-139
-773
1991
2486
1535
1539
2254
848
-1145
529
1136
609
636
2038
1268
-275
1024
595
-893
-683
1671
794
-719
1633
1082
-763
351
1414
-185
-979
1105
1109
-819
540
1462
-631
-572
745
158
-318
258
275
274
314
374
519
262
287
227
94
412
272
472
1145
544
300
585
372
352
686
1063
945
904
1114
1549
1027
417
609
182
859
797
-394
745
1703
123
1113
2344
-569
514
2966
93
-1042
2516
2051
-504
2094
3016
556
180
2746
2110
-341
1639
2352
74
305
2892
1308
-956
2386
2118
-1546
796
2249
-1486
-1034
2751
38
-2473
1128
292
-2663
-873
-305
-2510
-2299
-788
-1315
-2113
-1509
-818
-1895
-2079
-1582
-2997
-2818
-2019
-2192
-1146
-1064
-1794
-1402
-1194
-832
-1518
-2566
-1885
-1873
-2597
-2082
-2022
-3367
-2329
-1445
-3442
-2506
-958
-2544
-3479
-2556
-3449
-4856
-3372
-2490
-2799
-2720
-2419
-2347
-3181
-2980
-2568
-2870
-2638
-2282
-2571
-3561
-2347
-1085
-2119
-1822
-1387
-2181
-2347
-1333
-1421
-1801
-551
-811
-1760
-1851
-2845
-3399
-2192
-1477
-1347
-981
-519
-510
-1023
-1091
-1716
-1955
-1822
-2317
-1932
-1182
-1121
-1008
-846
-857
-780
-1321
-1399
-1187
-1917
-1430
-553
-315
-269
-283
39
-515
-599
-412
-267
0
219
777
-122
-898
-429
-229
-1172
-699
825
-546
-1469
-970
-328
-610
-1314
-1358
-2021
-1515
163
625
-92
604
1265
-292
-477
73
-705
-381
1181
1437
510
915
1316
375
3
462
757
864
1358
1211
1022
1146
465
905
1207
600
464
81
587
657
56
692
915
715
137
221
627
8
133
587
399
-361
-86
389
-223
1087
1822
925
1345
1087
467
1339
1373
639
313
47
720
-41
332
2377
1827
1628
1729
695
156
1097
1649
-170
546
2113
730
444
1594
1477
1311
2941
2378
1172
2290
2462
1509
796
1382
1004
695
2575
3285
3410
3322
2142
1672
1418
675
888
1173
1220
2212
3269
3870
4182
3856
2208
761
91
-426
1681
3505
3207
3524
4019
3898
2935
2933
2416
1473
2217
3248
2954
2799
4667
4398
2516
3819
4728
2463
3054
4935
4058
3217
3731
4220
2828
2591
3220
2708
2947
2963
2141
1395
2736
3790
2458
2724
3850
2874
1337
1196
1250
430
523
1829
2598
2578
1497
-58
-853
-1195
-918
-1124
-1456
-1063
-1770
-1562
-1295
-2724
-2157
-1572
-2530
-3425
-3032
-1098
-1363
-1787
-393
-262
-1802
-2607
-1660
-1848
-2084
-1166
-1545
-1989
-1108
-1471
-1206
103
-1411
-2331
-1185
-2502
-4563
-2779
-1820
-2705
-1791
-830
240
-1075
-2856
-2934
-4136
-4621
-4503
-3917
-2472
-1234
-2892
-4163
-3402
-3592
-3378
-3811
-3151
-3051
-4119
-3735
-4678
-5049
-4263
-4184
-3708
-3096
-2914
-3041
-2893
-2993
-3462
-3566
-3562
-3541
-3367
-2617
-2147
-2729
-2733
-1942
-906
-586
-1173
-1510
-2251
-2511
-1333
-2683
-4237
-1628
-93
-923
-1186
-932
-1153
-1330
-2144
-2585
-1012
-463
-824
-2301
-2545
-911
-1147
-307
314
-471
-634
46
-188
-1512
-588
206
-961
-1325
-699
-1400
-1101
-512
-1321
-569
-139
758
692
-647
-1188
-2624
-2561
-1213
-51
-211
14
1715
1056
-454
723
1171
-222
273
593
502
1152
1825
1645
681
979
787
1100
1920
1119
1743
2398
990
828
1637
961
500
397
902
1279
766
1056
938
719
882
1939
2669
1416
497
310
816
-239
220
2872
1580
842
2653
2940
522
460
1775
621
755
2070
2207
941
1746
1642
238
88
347
1016
76
803
828
-2038
-1696
616
665
423
1031
329
-235
90
-813
-1234
352
2805
3546
1891
2117
2604
1599
1439
337
-1533
44
3208
3098
2367
2106
2853
2257
6
1915
2378
579
2046
2759
1133
1615
3499
2472
2495
2722
564
1058
881
43
622
564
1109
1289
166
-816
-1182
-710
-665
-639
-1292
-1392
-525
-1479
-2516
-3530
-1875
45
-351
-1202
-1541
-1165
-3465
-3491
-2122
-2626
-1843
-494
287
-599
-604
-117
-1857
-2568
-49
180
-1544
265
1065
-114
627
902
-829
-517
1246
1596
1335
1180
1709
479
-619
789
570
805
1299
866
1709
1769
1517
1663
2371
3131
2622
1483
1036
2131
2107
1717
2207
2128
2646
2518
1976
1968
1419
1431
1880
1159
1214
2842
1721
914
2368
1272
832
2319
1920
743
1684
2280
2012
2928
2938
2510
1743
1840
1922
1797
2428
2764
2691
1307
1538
1229
-334
196
1371
1112
588
1491
694
-528
-1084
-1368
-1222
-551
1973
2426
1224
475
-470
-1602
-1388
420
652
806
2004
2116
1375
60
-441
-79
-550
-222
16
-868
-24
500
-943
-873
270
-180
-885
-32
-494
-2140
-1988
-1134
-1011
-828
523
1074
580
-116
-675
-1401
-1752
-1034
-1449
-798
457
-287
-1159
-478
-615
-1836
-2022
-1991
-1446
-1705
-2178
-2469
-2356
-1202
-1604
-1938
-2033
-2702
-2824
-3254
-2318
-1343
-2095
-2085
-1690
-1491
-1718
-2224
-2554
-1640
-1332
-1942
-892
-620
-1018
-3077
-4847
-3723
-3483
-3276
-2414
-1222
7
-2135
-5237
-5067
-3897
-3817
-4368
-3281
-1249
-1641
-3125
-2968
-2564
-3162
-3187
-2963
-2646
-2174
-1940
-2131
-2250
-2171
-2122
-913
-777
-2185
-1428
-688
-2686
-4089
-3306
-2404
-2296
-1876
-805
78
-588
-3150
-4357
-3745
-3784
-4194
-2993
-867
-485
-1130
-1745
-2773
-3339
-4175
-4448
-4064
-3117
-639
-57
-704
-2196
-3243
-2645
-3775
-4314
-3267
-2192
-1339
-1790
-2447
-2790
-2843
-2333
-1364
-446
437
819
-993
-3052
-2819
-2423
-1914
-548
58
316
565
856
778
1187
2250
1948
1989
3117
2567
1470
2286
3196
2779
2536
2584
3272
4983
5657
5260
4913
4286
3873
3471
2961
2541
2325
3871
4967
4827
4958
4773
5214
5235
4570
4425
4950
4858
2966
2897
3695
3633
3266
2381
2922
3873
4691
4576
3437
3094
2952
2503
1381
998
1865
2538
2464
1905
1999
2237
3342
3589
1976
1232
1106
1241
392
406
1388
2772
4122
3611
4248
4088
2236
1920
2401
1913
2085
3771
4761
4137
2736
2392
2795
3164
3286
4297
4236
3307
3102
1810
1489
842
781
1603
2080
3735
3246
1663
694
88
1064
2370
2186
1081
1592
2886
1329
-1439
-1084
682
476
-1188
-2241
-796
1551
815
-1630
-2157
-2543
-2876
-2717
-2414
-1411
-959
-981
-1953
-2430
-2285
-2365
-1252
-1691
-2305
-1177
-759
-129
123
-107
-169
875
1812
907
11
-942
-1024
-600
-410
101
535
1172
-119
-1281
-570
144
116
-1030
-1141
-923
-1822
-1961
-1015
-19
-88
-450
-986
-1088
-285
-638
-1112
-667
-15
48
-178
588
1154
338
-487
-640
-929
-1440
-1431
-604
-614
-489
-311
-1058
173
949
-394
-3019
-5401
-4285
-1466
510
394
-102
1628
2039
-256
-1629
-780
-216
-997
-2122
-1750
-11
-74
277
1802
2112
750
-330
-334
-1450
-2022
-1514
294
75
-2056
-1459
-1770
-3098
-3951
-2630
168
410
-30
-1612
-1992
-932
-2322
-2907
-2233
-1875
-1726
-1401
-1118
-2392
-2908
-2009
-2251
-2878
-1423
-776
-2507
-2981
-2829
-3633
-5085
-5401
-4312
-4117
-3010
-1882
-1985
-1805
-1745
-2550
-4616
-3755
-1957
-1902
-1666
-677
421
-580
-2797
-3750
-2472
-2644
-3415
-2829
-2769
-2722
-2380
-376
913
-481
-2823
-4058
-3889
-5269
-6302
-4834
-2782
-1128
-150
-27
89
898
896
-404
-1498
-2080
-1561
-1054
-1202
-552
263
780
1083
2050
2164
760
23
-743
-1103
-516
-65
230
683
182
-618
-256
-211
325
1062
874
805
575
81
274
1245
782
175
1005
1593
1880
1946
2609
2728
1781
1937
2298
2391
1713
748
775
1072
1429
1526
1236
635
540
2202
4281
4075
2277
2526
2466
-355
-1063
-296
1491
2302
789
2356
2539
1400
1350
1247
3168
3055
1245
-140
-969
-237
-378
-751
-971
-1341
-604
53
301
707
1034
1453
1650
893
-849
-1577
-802
-510
-428
464
1139
788
637
2373
3382
1934
1860
2113
1247
-1224
-1706
2817
5744
5439
3830
1720
1728
1833
-910
-912
2280
2440
1970
2417
3494
4267
3875
2933
1371
1663
2357
2687
2354
1940
2081
985
549
1875
3474
2811
2227
1044
-828
169
-113
1561
2346
139
1187
127
-1613
-549
460
443
-154
367
784
114
-71
769
476
-181
956
2381
2132
282
-1268
-2330
-2972
-1862
-993
-766
1588
2755
1405
1089
1085
656
-1262
-2651
-1952
-1315
250
2091
2219
898
125
-775
-802
500
1313
2441
2696
2563
1671
237
-606
-755
761
1184
2338
2781
986
1264
1630
1456
534
676
2183
1406
1530
2410
2533
2113
1679
2732
2566
2262
1855
1033
485
520
1706
1394
1598
2572
3565
3761
2579
1212
668
707
-530
-90
12
935
1695
1176
3544
2927
1512
590
121
529
-1520
-518
1248
178
-1126
-1890
-1445
-1005
-984
-1607
-2572
-1537
-114
-705
-815
-300
-849
-1730
-2375
-1255
-493
-77
132
-1372
-1477
-1547
-2044
-2902
-4155
-2031
-799
-922
-265
-2092
-2315
-1477
-2848
-3938
-4631
-3035
-1462
-2548
-3627
-3127
-2837
-4492
-3921
-2728
-4400
-4499
-3575
-2167
-542
-548
-831
-1199
-445
-784
-2743
-4856
-4585
-2070
-2282
-1203
498
-462
-1618
-3113
-4021
-3962
-3090
-2073
-2236
-3011
-3866
-3928
-3506
-4039
-4007
-3358
-2825
-1420
-935
-2460
-4018
-4752
-4218
-4151
-3750
-2153
-2404
-2447
-2640
-4142
-4787
-4143
-2998
-2519
-3248
-4272
-3691
-3012
-2975
-2886
-2148
-1043
-1429
-1605
-2287
-3911
-3950
-2562
-84
-152
-1983
-1496
-1973
-2440
-1689
-2044
-1837
-671
495
869
-172
-524
1146
791
-2047
-1785
453
100
-1262
-346
1567
2471
3285
1998
-381
54
391
322
1526
1875
2301
1826
332
602
1053
638
-244
393
1883
1608
1177
1978
1152
-1506
-725
1135
1157
856
1905
4328
1213
-2068
771
3659
3371
1017
950
2144
2871
1927
290
1167
687
-758
290
595
166
1362
1898
1902
2541
1950
229
-844
-268
949
1233
1634
1276
-19
-759
7
2290
3070
3093
1594
-820
-1784
-1312
1274
2503
2082
1463
-31
-885
741
3358
4720
4205
3552
2892
1796
2113
1590
1077
2067
2980
4807
6178
6323
5232
3131
2413
2135
1326
1039
1206
2366
4080
4605
4496
4904
4538
3191
1305
564
1070
1066
2100
3053
3087
3027
2148
1193
1217
2318
2314
1181
1239
1723
2273
2557
2482
2989
3738
3224
2332
2219
1677
2162
3382
3808
4299
3901
3267
4026
3629
2742
3516
4656
5530
4508
3243
2610
1372
1360
1668
2873
4197
4259
4361
2916
1492
455
-1235
-783
576
1128
2529
2248
1724
2837
1289
-753
-446
144
-1346
-2954
-1389
-1578
-794
3044
2071
-1489
-3275
-692
795
-988
201
413
-2169
-2074
936
-472
-1675
1610
1376
270
1622
1340
-1586
-2653
1140
1723
180
2532
-109
-3784
-2223
-1918
-1677
-440
780
-354
-1620
238
-112
-3438
-5086
-2389
-1087
-1701
-473
-920
-2652
-4405
-4646
-1698
-358
-4036
-5612
-3423
-3182
-2766
-1767
-734
-1168
-4248
-4721
-3045
-3849
-4054
-2559
-404
1495
1027
-2430
-7953
-6068
-2500
-3663
-3597
-3182
-1610
-3353
-6012
-3683
-1212
-168
-688
-1706
-3130
-5216
-6211
-5216
-3313
-1908
-541
973
-362
-3649
-1268
-1712
-5625
-4768
-3340
-2365
-2157
681
9
-3782
-2964
-2652
-3375
-3189
-1228
-2700
-4343
-756
-940
-2852
-988
-930
-4368
-4066
-731
-2588
-3015
942
-779
-4645
-3299
-1709
-3171
-2366
177
-444
-2952
-2778
-2942
-4720
-2589
-1660
-2506
-996
-686
-2487
-2921
-2036
-4227
-4837
-1427
77
-1033
-932
960
-405
-2874
-2669
-2968
-2046
-521
-561
-1771
-2508
-1303
-2427
-3779
-1743
1810
414
-1600
1767
2812
613
-1348
275
-160
-1275
4084
6506
3301
-109
2290
2347
-731
2379
3313
2377
2403
3816
2499
-208
2450
2127
207
2267
4959
3288
1012
3289
2952
1015
2628
3672
799
174
2623
1159
229
1951
632
-1144
-449
1360
1354
986
1794
466
696
2447
1040
-625
859
1765
938
111
-619
566
2152
4559
4931
2997
2364
2180
3384
1587
859
3462
2699
461
2636
5750
3602
4829
5817
2351
-124
2681
6006
2030
1842
3071
2147
2786
4151
4403
1562
1934
1936
-1711
-2231
1835
2048
-283
2966
5207
3213
1771
2347
58
-3579
-1638
-195
-1607
971
3665
1151
-838
-1021
-2745
-3026
-764
-155
-921
569
1850
155
-1767
-2988
-3818
-3346
-1963
-98
1205
1063
1032
666
455
-245
-2934
-2909
-455
277
1004
3387
2876
797
793
145
-139
2334
3166
1711
1680
91
-393
1058
1022
797
2767
3461
-957
-918
1352
505
-1133
952
3633
-692
-1028
1160
312
-1352
363
1657
-1588
1654
3940
835
-777
1371
3094
-462
-56
2791
1598
2982
6497
4130
-8
1897
2030
-17
2678
5109
3897
890
1590
2349
580
2603
3037
2216
4762
5293
4112
2158
570
523
-1709
-2695
1481
4442
5002
6655
5641
3182
3496
3688
1156
63
1284
1479
2731
2983
3295
4150
2083
-204
-215
2034
186
-501
1336
938
-1836
-4443
-2559
-5799
-5567
306
-292
-3343
-3086
-2008
-6710
-6264
-527
-969
-6467
-3074
1543
-5778
-7508
-4995
-4089
-2259
295
-1612
-6664
-2695
-463
-5088
-5218
-3744
-6485
-5665
-807
-1548
-3528
-1313
-1849
-2645
-519
-1300
-2337
-1336
-858
-2805
-4021
-485
-320
-3647
-1730
-2797
-5879
-2296
-1336
-2907
-2065
-2266
-1883
-3475
-4977
-3439
-4103
-3998
-1377
-853
-3974
-4585
-4031
-5788
-5412
-2908
-412
-4029
-6425
-3118
-4112
-6936
-4938
-911
-4519
-4477
-1335
-2631
-4953
-6604
-2412
-3084
-3805
1173
1394
-1208
-2255
-1363
-6506
-7997
-407
189
-1881
592
316
-5253
-6301
-3154
-4986
-3437
586
-1766
-2518
-1790
-4086
-2731
764
-821
-2984
-284
3906
2785
-1134
-2666
-2554
-375
-1665
-2122
1165
195
4
1735
-101
-2935
-3023
-1913
184
1722
-1982
-4686
-2442
398
2922
4012
2495
3671
5290
1932
-666
-140
2125
1025
-107
2838
4825
2758
1367
2738
-2947
-2418
3933
3367
573
-2795
125
1618
1586
3679
408
-812
2062
3372
192
-147
4925
3967
1583
5536
5958
751
1865
4004
-1797
-3389
1905
4938
6773
7255
5166
3685
3283
1332
-2171
-1584
1660
85
-84
4191
4093
4379
6389
4767
1619
-1799
-1744
1249
1761
1755
3004
4859
5079
1159
-1705
-1281
1391
4227
5629
5544
2995
3983
5559
2657
1920
1477
630
3991
6462
5103
2441
2088
2806
1459
1740
2079
3062
3182
1457
1489
2143
4005
3653
3357
3190
2627
2770
2569
2397
722
870
2758
3585
2883
3753
4805
2415
220
739
1348
1641
1173
1291
1076
977
2777
2927
3213
2504
3353
3167
-1621
-2661
200
1301
-82
-2365
-2455
-1038
339
1177
-1799
-1397
950
-1583
-2701
-1384
-858
-2594
-4562
-2079
70
108
2776
4838
4326
1767
1543
4421
4359
595
-3903
-4712
-493
4431
6121
5791
4973
2322
-1878
-3888
-2231
-639
-63
-369
-1463
-726
764
2124
2169
748
257
819
313
-2176
-3622
-1828
2051
4437
2312
-307
-532
224
231
-569
613
2438
1035
-1706
24
2721
2296
83
-551
913
1383
2059
1736
906
358
-401
335
1369
1736
1728
1490
636
751
1609
-676
-3003
-1554
-809
123
1279
180
-2278
-3893
-832
2064
578
-2213
-1847
174
-2451
-6443
-5354
-2340
-2699
-5081
-5892
-4821
-1828
550
-1819
-2870
-1436
-4141
-8982
-7680
-2255
-3217
-4294
-2193
-1313
-1250
-3097
-6165
-9057
-9928
-8875
-5877
-3341
-2342
-1451
-1615
-1636
-7185
-11851
-9300
-4823
-2519
-4160
-4400
-3676
-4835
-6293
-5045
-3803
-5214
-5798
-5196
-4046
-3206
-3237
-3564
-5554
-5812
-3913
-4432
-5283
-3039
341
341
-3397
-5156
-3700
-3658
-3704
-4377
-3950
-2247
-2162
-793
-3
-377
-1013
-1059
16
-345
-677
302
-1573
-1642
845
-1420
-5040
-4189
-1419
-38
2613
1959
-1304
-1212
-1946
-4145
-4744
-1994
486
1067
-8
-209
1507
-109
-1216
-409
-721
-523
514
-27
36
2086
1340
-2
1761
1025
-2689
-2190
818
1792
1209
1268
3220
2362
71
533
1888
3087
3515
2473
2635
4902
3213
324
325
903
2490
1974
811
1723
2894
3634
2934
1165
54
16
-497
922
2570
2627
3689
3907
3399
544
-2282
-2433
-1817
127
440
-241
589
804
-669
-1321
1763
4551
4274
4296
3846
46
-1013
4773
6294
4878
6322
4041
1977
3041
4423
3919
3246
4724
4636
3474
2524
2720
2351
2484
4904
4114
3944
4230
2700
3792
4200
1489
-1146
1957
5919
6376
3131
-945
1127
3213
6571
6860
1923
1517
1886
1706
1335
-169
456
4423
6895
5596
4750
4491
1991
431
-470
1079
3515
4344
6088
8171
9619
8019
5830
4806
3194
107
-1318
1718
4434
4053
2517
1198
-828
-1314
172
678
583
-450
-1809
-2622
-2751
-2520
-3078
-1233
2479
1069
-383
1426
1282
1246
2785
3661
2004
2151
3540
2195
2020
1870
2325
3271
3564
3796
2966
2628
3418
4280
2618
1676
450
931
4575
4444
3348
1945
1413
257
-2573
-2761
279
3048
846
2298
3360
-472
-2112
-2213
-1919
-1144
3387
5652
5093
3157
-597
-2448
-3375
-1892
-563
230
1067
892
876
2231
3549
745
-1504
-1028
-1953
-5001
-6663
-4242
-453
1514
2195
653
-2986
-4019
-4804
-6559
-6842
-4635
-3648
-3929
-2564
-1856
-2305
-3857
-2492
-1658
-2535
-2492
-4541
-4026
-1142
-1249
-3527
-2646
-1809
-2162
-2586
-5003
-4979
-8367
-10369
-4697
-2632
-3945
-2425
-3041
-7468
-10476
-9397
-7110
-4778
-944
-1063
-5617
-7459
-7279
-6832
-5493
-5292
-4523
-1674
352
1284
1251
-508
-1592
-4841
-7205
-4732
-4077
-2584
1677
2857
-796
-2332
-1244
-4915
-7153
-6702
-6418
-4870
-3517
-2924
-3897
-5678
-6022
-5980
-5624
-3869
-4116
-4719
-3035
-2098
-3491
-3993
-2646
-3220
-3324
-1228
-1085
-2883
-2814
-852
-2681
-5312
-3944
-3421
-1206
1692
301
-1211
-1604
-2980
-1562
1119
1983
3229
2339
398
1148
4089
1691
-90
2202
-863
-4940
-5251
662
3467
894
611
2978
3348
536
2248
3686
1270
-2256
-3297
-952
2149
4778
5185
4740
4447
3657
1468
396
1687
1523
-646
-157
4792
6017
1928
-1098
-1463
547
1626
2406
4074
5644
5781
3727
2478
455
467
1913
1974
1963
3659
7149
5196
791
-123
-210
-589
-2428
225
5212
3068
59
1199
4712
7174
4591
-1647
-4940
0
2829
816
736
-540
-481
246
1474
3324
3058
1833
-2410
-6841
-6378
-3358
-543
-621
1347
3089
-1246
-972
931
1069
2445
1524
-85
-1073
840
552
-1950
38
881
93
-1176
-1170
837
2265
2257
1247
749
-465
-856
-1099
-1985
-1577
-86
1193
837
1175
2404
1416
-27
1377
1503
1044
1970
769
225
2519
2933
2576
5036
3346
21
1521
5101
5133
2969
5037
7826
7375
4477
3129
2552
2904
5335
5121
5423
6461
4961
2720
4660
5754
212
-2504
1947
3906
2563
5659
6080
3769
4404
3630
452
-1560
812
3576
4285
4138
4204
4876
5779
3834
-222
-1462
-1293
923
4331
5375
4221
4181
2492
1163
958
-811
870
1273
1060
3817
6591
4692
1922
3511
5184
5258
1996
-518
1467
3001
3324
4309
3335
966
-614
-1889
-997
1443
732
894
1503
-107
-1926
-2873
-410
1305
2946
2247
-2674
-5409
-2081
2346
604
794
2798
2775
2413
-947
-7959
-10639
-5856
-2396
38
5289
8006
4808
2716
852
-3971
-4176
-1325
-1222
-2633
-2195
-1636
-1959
-3268
-4447
-3372
-4714
-4905
-4509
-6048
-5540
-5574
-5550
-5615
-6337
-4206
-4059
-6381
-6126
-5002
-4472
-4413
-4342
-5385
-1984
1079
-4716
-5062
883
-771
-6321
-4966
-4540
-4118
392
-1893
-2820
-371
-161
-1092
-4806
-5693
-2999
-2746
-4671
-1869
-425
-4555
-4774
-5428
-7790
-6855
-5137
-6223
-6605
-1989
-488
-3069
-3622
-3787
-6737
-9017
-6372
-4661
-2563
2805
2802
-1137
-2772
-4072
-6380
-7027
-5893
-6089
-5895
-5746
-5363
-3817
-3720
-4921
-6211
-5825
-1397
1535
-2560
-5952
-3726
-617
-1238
-1369
2155
3797
2054
2452
1922
-1389
-449
2321
2337
3585
6286
3124
105
1961
1461
-1740
-4119
-5037
-6655
-5417
-4110
-4276
-1861
-347
154
-1665
-2027
-2871
-7810
-9615
-6404
-3383
-3610
-457
5372
4053
2178
3286
1641
1480
1596
309
416
2830
1460
-1211
2104
4977
4838
4009
5641
7987
7407
4677
2183
406
-426
1375
1536
-692
-1066
824
91
-1002
426
343
1165
2513
-1469
-5184
-1758
-416
-3097
-2434
1733
4116
4109
4699
1875
-349
1520
1305
203
1499
2569
2289
1772
3634
4854
516
-558
2814
1336
-422
2255
3100
-234
-411
1612
1748
4641
6876
6204
6843
6248
1814
-1699
-4091
-2824
2407
5499
6974
6096
4679
5396
3276
-970
-1063
1200
4360
4848
2001
2183
2958
2244
1029
826
4091
7074
7220
6439
3443
-217
-345
-653
-3032
-2276
-1840
-997
2629
2775
2691
2452
1584
921
-99
-1204
-5031
-4634
-39
1990
3782
5227
3058
977
708
-324
-462
-530
2327
5908
4856
5857
4307
-1079
-1803
-480
-1759
1269
6580
4725
2965
1749
581
2513
7199
11035
7776
4974
2069
-463
3089
5963
5632
4941
6729
9408
8525
4399
1648
1326
2365
4436
7935
8520
7219
7102
5153
2800
3031
4956
3604
2212
2357
1551
3550
6303
3875
1326
2355
1314
-910
-2846
-3560
-3271
-2700
-1769
-1065
2055
4280
2606
-1334
-3741
-3271
-2136
-1615
-441
883
-1872
-1932
-129
-3227
-5108
-2868
-2042
-3609
-3206
-5309
-8181
-5353
-4348
-4883
-2665
-1946
-4787
-7473
-6087
-4746
-3018
244
347
-2582
-1946
-667
-7245
-8939
-3641
-1012
1887
3289
2291
748
-3700
-6549
-6565
-7273
-4830
-40
2207
-74
-1092
-2412
-4114
-4261
-3886
-923
1095
4082
1370
-3039
-335
502
-284
-730
-2954
-6187
-5425
20
770
-1848
-318
993
-1371
-3675
-4292
-3992
-3570
-4903
-6351
-2659
1633
-251
-4000
-5908
-5413
-5052
-7119
-6198
-4461
-6242
-3827
-624
-4683
-7008
-4678
-4130
-5501
-5258
-2482
539
-489
-6460
-9100
-6726
-3453
1144
3755
3041
1080
-3148
-4765
-4061
-4687
-4164
-1588
-376
-1912
-2878
-2705
-4334
-4695
-1538
-1676
-1682
-2142
-6618
-8065
-5562
-2864
-1455
-128
-2032
-5633
-5944
-6555
-6785
-3732
-152
1839
2612
628
-3771
-6164
-5394
-3429
-2137
-1256
1868
3797
2029
1289
-100
-4114
-5028
-1777
533
1228
1938
581
-1171
-608
-1077
-1614
-779
-86
-136
-2482
-3668
-3389
-2201
-128
648
3394
2337
-2677
-3251
-2111
-2286
-4987
-4788
-2046
-605
1078
-1899
-2588
-521
-2313
-3041
-2807
-2098
487
3594
1873
1144
3419
-405
-1119
1978
2547
1775
2783
7957
6971
-869
-1432
2696
1798
2801
4798
6693
8066
3737
554
1409
4079
6353
3707
2799
5456
2013
1339
7251
9142
7197
7052
5629
2728
1196
1179
2636
3380
6140
5856
4936
5477
5226
6825
7802
8738
6178
4624
5408
4168
7181
9515
7963
6224
6079
6112
3714
5516
7943
9096
11227
9389
4886
129
-2406
-1607
3495
7396
6030
7669
11193
8579
6537
6290
1480
2275
7160
8222
7522
7118
7758
4924
4291
4833
2628
3751
6315
6531
5132
6119
5519
3413
3576
3846
2251
1884
5014
6564
5623
6577
9164
5531
652
846
2013
3200
4077
3232
1799
3785
3678
579
3524
6830
6410
3538
-588
-979
-33
1540
1910
-828
360
3401
1978
1355
1284
-1376
-1739
-2431
-2700
-422
-1586
-3722
-5678
-5447
-3150
-7239
-9441
-4786
-2045
-5719
-10375
-9448
-8686
-7642
-7880
-8286
-7315
-8908
-10813
-11652
-11748
-9674
-3955
-2979
-5373
-4777
-4207
-7640
-8619
-6750
-8040
-6485
-3974
-2357
-2050
-2294
-883
-2602
-5218
-7187
-10453
-11027
-5342
1592
1165
-888
-4810
-8258
-5349
-6817
-10930
-11238
-5372
488
-986
-3689
-4038
-4620
-3813
-499
-101
-3065
-2764
-545
-1154
-645
969
200
122
2798
2867
640
-694
-1145
-1222
-1406
-251
1718
1845
-2570
-4117
-2580
-5595
-6709
-4235
-2806
-2200
-2932
-1744
217
-1671
-5538
-7478
-6120
-4137
-4155
-3786
-438
326
-1655
-37
-82
-1359
318
-332
-2266
-2824
-2731
-3437
-3714
-877
1825
3348
4104
3685
241
-3209
-1502
-772
-417
1694
1933
2022
1875
260
1343
4467
3896
1048
849
2345
2526
4517
6005
1794
-992
724
889
-1836
-2562
2849
5061
2502
1902
-510
1040
3388
-501
-1356
-56
-608
3469
7971
3756
2490
4512
851
-3156
-1123
-1395
-6097
181
3948
2765
1131
-125
624
-4646
-5179
-3625
-4408
-4353
-1844
-1039
-6611
-1445
4746
923
2401
6089
-430
-8763
-3502
779
-2541
1375
7007
4294
971
1030
1909
4426
6496
3506
-2610
-1887
1153
-47
70
-457
-1603
779
1454
1150
1443
-511
-149
2526
1887
518
199
35
516
347
-486
-794
-279
-867
-2559
-1942
-2483
-3467
-2596
-3232
-2808
-3147
-2792
4
317
-1047
-1408
-282
-1814
-1821
-253
-2363
-1269
-1119
-1207
1577
2648
2432
5052
3961
-4841
-3284
789
243
-2228
833
3371
-2954
1917
2872
-2437
-3017
2497
6595
-594
-1340
893
-1628
-2350
1696
3373
2300
8994
11376
4670
2631
4487
1321
-2480
2033
3901
1687
5818
6727
4861
6035
7378
3193
-4099
-62
3524
2282
5222
8623
9532
6547
5209
5107
2564
4050
10208
7430
2068
5096
4875
4421
5551
3103
3478
5606
5223
2783
737
1807
5090
7967
7394
3632
5441
7350
2981
3146
1744
872
5522
8767
6897
4888
6994
-527
-1857
2797
-2373
-4774
833
5231
-3390
-5060
795
1434
-2559
-2838
3809
-1330
-1291
2938
-3608
-6324
-839
3455
-3353
-1734
6491
-996
-8278
-3773
421
-1006
3538
8014
2685
2177
5579
-2005
-6878
-1246
-1058
-1115
3460
3045
-2163
-3969
809
1911
-2582
-1885
-1621
-4225
-4919
-3373
-765
-1740
-3464
-3271
-3991
-4494
-2623
-2882
-4798
-2140
-498
-996
32
-45
417
2500
-1507
-7420
-2792
-857
-6491
-6373
-379
-190
-1383
2838
-988
-7551
-5017
118
-6527
-9292
-2056
676
-1172
-5852
-2826
-5506
-10528
-5554
-4944
-7296
-7537
-4314
-3980
-3951
1560
-1334
-7971
-6187
-2521
-3922
-2546
4201
-7
-3392
514
-2794
-5455
-2798
-1386
-3837
-1969
-783
-4349
-3536
-1680
-1921
-2427
-1921
-143
173
-3862
-8664
-8898
-2522
1332
-185
-355
8
-870
-3031
-3451
-2286
-4985
-8939
-6301
-1606
-1528
-1666
2019
-2
-3286
-4544
-6448
-4415
-2744
491
1683
-1600
-3317
2365
1557
-4869
-754
-192
-3087
-3156
3601
207
-6422
348
-1306
-3056
-6155
-2887
1227
-3127
2416
2129
-4214
-6644
-2261
-4845
-12629
-760
6040
143
3159
6927
2556
-2014
2171
1270
-3550
3957
5655
591
2113
4697
2565
1124
2830
-2452
-5463
-2688
1793
2977
225
1846
834
-5417
-7832
-3302
-347
2288
3619
2288
3076
1689
576
1652
1082
1682
2523
2018
2298
1646
3363
7187
3401
496
2743
-373
237
2646
3701
3644
3493
5780
6053
4393
3717
9269
3210
-3330
1500
3579
6188
10899
14798
5136
-340
7203
3981
-3562
1239
4280
-3497
173
6858
814
1635
10056
5373
-1979
3319
6147
-930
-2766
649
1739
1563
4650
9068
7010
6985
6338
2442
2928
4641
5095
710
-1475
3046
1311
220
4650
2673
-1389
1911
2171
-2702
-902
599
-2040
-937
-189
-1787
1497
997
-1867
965
2415
-2691
-898
5304
470
966
6357
6109
2417
5798
4611
-5476
808
6098
1491
2269
10559
9161
603
2248
4279
128
-1404
8027
7633
-164
4104
4058
-1225
2331
7183
-565
-4369
5664
4541
-3091
3010
6574
-2085
-2862
2987
-3450
-8242
1583
3710
-2134
1025
6620
3328
65
-559
-6537
-6474
-1313
-193
-1197
1283
3276
2694
1417
-595
2695
2231
-2006
-3097
-2283
-735
1501
2516
201
2749
965
-4161
-705
2769
3164
1412
3073
-2749
-6473
1628
-4153
-12447
-4863
10790
5091
-3301
1493
93
-3587
-7475
-3495
-4595
-3978
2244
-1570
-4777
-1824
-260
-9891
-8032
5081
2047
-5527
-2383
-36
-6412
-6902
-2952
-4994
-1103
3177
-4711
-6994
-1525
-22
-3324
-6041
-6255
-8240
-7222
-3846
-1652
-1125
-4634
-4417
-3411
-10105
-8694
-3726
-6344
-3225
-464
-3957
-3524
-2796
-5970
-6087
-4318
-6098
-5184
-1311
3095
2423
-4772
-7220
-5316
-3892
-4868
-5567
-3486
-448
-2697
-734
3807
-4988
-9773
-5526
-4319
-7625
-5518
-5946
-8507
-1151
-702
-6141
-5839
1970
-3488
-11266
-413
1196
-8356
-5646
6213
3734
-222
4471
1082
-4906
-409
5403
-1940
-3140
6308
2966
-5765
699
4716
-4185
-1903
5803
465
-3160
-34
-4043
-5859
2372
4456
-1612
1412
4587
-1456
-2502
184
-918
-1041
2705
3611
3492
3789
3926
3408
1229
1606
2464
2278
1778
1146
591
2266
4002
3935
4198
1755
-1496
-315
2375
2958
-71
519
4899
4306
-1521
-2227
1382
-3696
-71
6439
4428
2528
6268
7707
-3181
-3846
-928
-382
-561
2577
8597
2062
3090
5711
-2823
-8078
-1489
4417
-3032
-949
5871
-846
-3835
-96
-385
-3447
2155
7793
631
666
3873
124
60
2020
-332
-2005
1218
1936
-816
-5248
-3998
1083
3143
3305
375
148
-510
-4251
-4647
-3367
-2171
-766
-1629
535
4504
2062
1458
2669
-1006
-1593
-511
-1421
-1036
-592
1336
4353
3580
343
411
-58
-3313
-1433
3030
4175
2121
3438
5234
3087
2321
5395
10850
8620
938
-1809
1904
4568
5459
8433
5520
3131
7585
8555
3172
-1107
92
3511
5772
4487
1717
1055
2458
6336
5685
678
-215
2417
1852
144
2946
4918
3706
2289
3339
4551
3581
3143
3205
3070
2179
-476
-1491
-209
2262
4882
5508
7004
8573
6380
1798
-846
-321
-224
-199
1064
3423
4589
2279
-817
-957
3745
4588
1773
1349
1239
1975
866
488
2633
941
-175
-145
-1216
2593
6594
6571
4797
2710
2314
4048
5747
5000
-780
-3031
472
-77
-1185
-704
1492
496
-2257
245
2106
2937
1115
-2325
-4028
-4290
-3107
-3115
-2698
-1888
-1275
491
1315
716
759
-675
-2925
-3245
-1890
-976
-2096
-2205
-1193
-2145
-5299
-4524
-678
618
-92
-2162
-2555
-3029
-3996
-3802
-4354
-4872
-4151
-3095
-3344
-4140
-4058
-3653
-3467
-4556
-4189
-2775
-3060
-3851
-3446
-829
-265
-3447
-6543
-6238
-3762
-3503
-2108
434
-1334
-3832
-5909
-6923
-4820
-3588
-5363
-6085
-3231
-1799
-5400
-9755
-10647
-7282
-4438
-3865
-2607
-4411
-7348
-8341
-8011
-6366
-4186
-2129
-2566
-2623
-641
111
-1465
-3753
-3363
-3032
-3385
-1874
-736
-215
-1341
-2591
-2643
-1506
68
-2169
-4029
-3579
-1679
-2315
-5314
-4268
-2435
-1883
-2564
-2501
-3288
-4966
-4399
-3703
-2587
-2839
-3633
-2426
-327
1627
655
-2015
-473
291
-2520
-1176
2438
3783
673
-1171
1032
154
-3325
-5438
-4536
-2574
-875
475
-1513
-4064
-3287
-1506
-2095
-6077
-4779
439
2068
-220
-2692
-2300
-2188
572
3767
6037
8245
6270
2334
-1482
-1938
719
578
-821
1360
5396
6068
4152
3819
3445
1285
1289
263
-1350
-912
-1027
1340
1374
-1876
-2467
-957
1883
3387
925
-1871
-2260
-1154
-363
-511
-2130
-2816
1778
6952
8742
6737
2657
-211
-787
-862
79
1551
3258
6099
6786
6599
5538
2981
1185
2299
3959
4780
5235
3426
3005
3357
3234
2648
1445
1397
2963
5179
5918
6202
6141
2940
-297
-463
1127
3566
4676
5416
4965
4985
5112
4157
4335
4208
4077
4563
6007
5954
4181
2174
2240
3898
4717
3376
976
2016
3782
5487
6958
2962
-161
956
1181
1812
3404
6985
9056
6328
3898
1943
-1155
-3056
108
4561
7050
7853
4474
1929
2327
2990
1796
1063
1021
1200
1081
1867
4190
2351
2624
2549
-812
-2248
160
3201
3336
3164
889
-704
360
3640
5022
3489
3488
4702
5076
2745
360
-26
-85
272
1517
4149
6426
5311
2001
-768
-269
1381
-90
-2009
-2137
-223
2701
1162
-1416
1208
5203
6346
677
-5020
-4631
-1736
1543
1604
1626
3424
2561
649
-1603
-2401
-543
-1292
-2273
-2799
-2061
-1044
-815
-1026
-1160
982
1828
-500
-2889
0
1826
-666
-1468
-2566
-3951
-4497
-3748
-1557
735
1795
609
-1839
-5337
-6715
-6716
-7439
-6367
-4448
-3391
-2882
-3217
-5579
-7200
-6538
-6751
-7138
-6253
-5015
-3428
-3327
-5474
-6389
-5641
-3652
-3305
-5331
-5468
-3415
-3237
-5769
-5881
-5045
-4661
-4241
-3394
-353
-509
-4139
-6174
-5525
-4965
-4615
-3397
-2299
-2816
-3797
-3212
-2169
-3135
-3890
-2506
-2695
-3433
-5646
-6307
-3561
-1405
374
-284
-1310
-2500
-4459
-5451
-5139
-3972
-4165
-3427
-714
1527
-1267
-4781
-5606
-5322
-4147
-5638
-6547
-5675
-3322
-409
-67
-2292
-3576
-3437
-3991
-5617
-5288
-1771
-1131
-2473
-4415
-5373
-4012
-1095
-1268
-4533
-4596
-2402
-34
-1417
-1035
2648
1725
-3387
-6585
-4626
-1430
-1688
-2253
1312
2036
-1912
-4175
-3888
-3874
-2032
1990
3392
3015
304
-2112
-1969
-1781
-262
255
-1464
-1064
3845
8986
7591
3706
2781
2553
291
-1862
-1463
3487
10553
10550
5966
2568
2369
2993
1003
287
1283
4566
5440
5289
5884
2662
2314
3916
3526
3125
3222
3187
3987
4955
4917
5430
6253
4370
2304
4320
4218
2593
3178
3849
4456
3306
2631
4038
4360
3276
1677
462
2016
4021
4949
4856
5072
6568
4780
1356
190
2039
4706
5010
4930
3881
3094
5141
4453
3292
3320
1748
2756
4531
4971
3180
-1326
-3791
-2727
-1950
-2119
8
2162
2461
1823
1642
955
-2794
-4577
-3656
-4099
-5337
-5247
-2033
-468
-2597
-3335
-1319
129
-995
-4234
-6884
-6837
-4427
-1394
-1066
-1784
-4213
-6481
-4859
-4839
-6547
-4216
902
2869
-10
-3462
-3588
-1617
-1899
-1412
2378
3343
1481
-585
-1818
-1195
292
2760
3706
2832
3307
3674
2506
-1249
-2797
-1427
1840
4866
2961
143
333
2983
5056
2819
-1745
-2364
305
1540
-1141
-1352
2315
4194
4430
1107
-3537
-5710
-1084
3233
2118
3865
7695
5677
2469
5064
4424
1236
3239
9389
8854
5456
2858
687
4619
7384
7180
6489
7626
9437
6541
3484
2957
2650
4550
6796
6657
4277
3898
8927
9704
6266
5266
4952
8156
9913
6115
2720
3568
6610
7896
7841
6251
4018
2644
1921
2603
3265
3214
3460
2640
1193
777
1916
3593
3460
1608
995
1676
1342
1751
4030
2285
-4338
-5524
187
5372
6729
4370
2280
757
-1591
-3395
-1611
2225
3639
4959
5094
2627
-583
-2967
-1425
1416
-742
-4605
-3946
81
-484
-3526
-1839
-370
-830
-1626
-2790
-3454
-4523
-6726
-9253
-9611
-9509
-9563
-6823
-3711
-4719
-8719
-11005
-11655
-11014
-8631
-6233
-4216
-4851
-7103
-11081
-16474
-16522
-13799
-12703
-10591
-6633
-6630
-11494
-13525
-10453
-9087
-9963
-10740
-11996
-11966
-10173
-8500
-10257
-11740
-7933
-4142
-6435
-9725
-7157
-2805
-3802
-6984
-7414
-5599
-5621
-8871
-9384
-7755
-4977
-1397
-2247
-5013
-6959
-7210
-6792
-8145
-8353
-5953
-4580
-6391
-5508
-2933
-2299
561
1314
-3835
-9201
-7663
-3473
-3618
-2657
-127
476
-1245
-3289
-3894
-3080
-325
973
-1889
-5081
-3454
-2119
-4336
-4801
-3611
-2287
-360
-396
-3948
-4599
-2172
-673
-848
-1288
-124
-485
-678
2456
4259
4215
3094
2402
3574
1485
-1441
-1809
1379
7290
8530
5066
2594
1219
318
340
1909
3543
4006
3482
3173
3888
3856
3939
4527
5223
6134
6896
6772
6875
6629
5537
5075
4307
6204
10398
11515
9459
6730
4886
4031
4876
5981
6006
5924
7316
9509
8690
7270
7094
4872
1496
2150
5074
6060
5382
4847
7652
9368
7672
4450
4398
7541
6177
4615
3412
3702
5282
5175
6055
6212
6729
6337
3771
3059
4001
5130
4791
3952
5460
7166
3809
-1980
-3555
-2662
-219
3253
3514
3355
3140
-450
-1348
476
2582
4277
2051
1020
410
-2761
-2429
536
2349
4383
5260
2808
-229
-580
3
-1224
854
4919
3799
-205
-4074
-4221
-257
2525
2356
1582
1991
2557
-634
-4522
-2220
1101
2015
4208
5394
3320
-770
-884
1201
2179
5817
5560
2359
2197
3205
1527
-59
839
2532
6206
6234
3265
1511
-656
-215
1812
487
1228
5645
6368
4520
1710
-980
-351
1824
2769
2430
3584
4844
4351
4211
3964
2709
2495
4760
4767
1725
968
307
-681
1403
2309
-422
-900
1335
2048
1301
-510
-152
-556
-719
2476
694
-852
1099
589
-1519
-1592
1255
663
450
2987
1934
-27
20
-1284
-4853
-4900
-972
1166
29
-28
1082
-122
-2195
-5217
-7545
-5022
-2395
-1865
-1623
-2778
-3310
-3524
-4310
-3753
-4608
-6531
-4453
251
1126
-1514
-3904
-7643
-8340
-6389
-6419
-4575
-1250
-1863
-6018
-7219
-6644
-6713
-5511
-3860
-5569
-8450
-9127
-9446
-8900
-7654
-6484
-8248
-8475
-6633
-8186
-9488
-8188
-7457
-8349
-7587
-7297
-8962
-8116
-4904
-4118
-2845
159
-867
-4484
-6015
-5170
-4844
-5452
-4401
-1267
492
-846
-381
1102
437
685
-1744
-4832
-4712
-5665
-6069
-4630
-3051
-2445
-2827
-4366
-5469
-7251
-8108
-6922
-7238
-4617
-2716
-4405
-5112
-5592
-5590
-6321
-7426
-6967
-5844
-3917
-2225
152
1841
-1065
-4114
-7405
-11018
-8504
-2265
1867
1552
-1053
-3118
-5857
-5976
-3738
-3331
-1013
3066
3951
39
-1533
1964
1858
178
1843
2333
2160
4057
5597
4404
2304
1844
1176
-582
1135
3705
3459
3299
2996
2783
2858
3203
2658
2759
4524
4824
4298
5493
5324
2489
1214
1956
1470
1104
4946
8680
7823
6936
6877
4760
3030
1039
-88
1077
4138
8505
9508
8031
6832
6925
3630
-1157
-99
4064
4693
1816
3709
4988
2990
6137
9550
7809
6435
6149
3348
806
920
3536
5857
6439
6289
4899
1701
1361
4441
4390
3791
3766
465
-3064
-3715
-1299
599
2097
4199
2743
-632
-477
2489
2892
2339
2635
2234
1326
-1118
-2181
1209
5100
6112
5049
3513
3972
2419
-927
1117
4680
6051
6930
6709
6082
5510
4327
2526
1732
4008
4853
2965
4350
6939
3299
-1915
-2932
-4904
-5000
1213
6005
7432
7669
4996
513
-2174
-2510
-2685
-964
2413
3169
3176
5431
7384
6396
3240
1961
748
-550
-776
-2597
-4183
-1819
2700
1763
1256
3683
3907
2498
960
679
-796
-1618
-2593
-3995
-2877
2172
5625
4721
4005
4229
3210
244
175
-242
-1259
653
1540
-557
-950
2215
3119
-365
-2458
-813
-1468
-505
950
-1910
-1197
-705
-3411
-3090
-1214
-931
-1130
1556
4202
1902
-821
-1559
-2195
-2521
-2930
-3026
-3307
-1199
2031
1726
490
363
-1123
-3011
-3144
-2610
-246
2750
1359
-2415
-3152
-723
272
-2182
-1743
622
419
1199
1816
1797
1067
-377
-2051
-4028
-2983
-1681
-1310
-132
422
546
-838
-4132
-5434
-3045
-423
-772
-4281
-6257
-4467
-4108
-4702
-3165
-1792
-2141
-3827
-4672
-5783
-8595
-4482
2504
3350
2915
3180
1729
-1645
-3622
-4525
-5070
-3890
-1828
-215
1353
1269
-2436
-5914
-6093
-5237
-6371
-6018
-3279
-2421
-4254
-6106
-6282
-7888
-8718
-5736
-4886
-4178
-1093
-1758
-4980
-5904
-5202
-5578
-3600
-1230
-4113
-4288
-989
-984
-2132
-3472
-4031
-3900
-5613
-4454
-2921
-2334
-288
-1125
-3560
-4292
-5036
-9212
-11093
-6383
-1062
-1220
-4907
-2901
1452
563
-4159
-6651
-4356
-2001
-2531
-3246
-513
1026
-941
-2509
-3242
-381
2764
-267
-120
3376
2267
-756
-1519
-1452
-1053
953
954
348
1432
965
-827
14
2648
2348
-101
-2196
-1892
349
1951
3330
2544
550
-232
-41
1408
1468
463
888
2215
3254
2482
642
1427
2787
2087
1003
17
206
-1280
-3406
-841
3556
4259
3071
2158
560
137
-1100
-471
5452
7334
3627
1257
490
-2833
-7188
-5669
1093
5968
6877
4619
-796
-3530
-1709
-2072
-3546
-2417
-676
675
1398
778
634
413
-1069
-1192
166
2595
2183
822
2828
1840
-1728
-3179
-2228
292
2552
2286
1262
4237
7285
6211
3829
4265
6588
5343
2387
821
1022
2810
3986
4609
5231
5715
5150
2227
1396
4530
3788
1829
3407
1398
-1892
-1171
-938
-1511
397
1566
2006
3534
3615
1262
-2835
-1762
4371
2768
-847
-240
-755
-238
367
-1042
-311
3421
3138
969
2775
3622
677
-1520
1544
4196
4510
4558
2147
2524
5808
4239
587
906
4110
5480
3135
3740
5405
1782
1827
6280
6595
3354
-235
934
4005
3967
706
248
5720
7125
6527
5757
3087
1969
2083
2886
3557
5441
4833
4152
6180
5534
3824
2317
1964
4342
6341
5672
3164
2285
1701
972
2465
1439
2824
7598
6009
846
227
560
-4097
-4634
1363
6392
4700
4252
8769
3062
-4055
-1514
2556
1798
2665
7232
2740
-552
4328
4206
-380
501
5134
2809
1609
5701
1409
-6409
-2640
2701
-2074
-1378
6038
5465
2591
2148
-3216
-8982
-4553
3526
3085
2334
5982
4241
741
666
-373
-2679
-1184
1575
2300
2655
2837
1042
-932
-1235
-383
-233
-2173
-2666
-3490
-6479
-6260
-4080
-4436
-4787
-4282
-6474
-7111
-5887
-7821
-5711
-4466
-8889
-8067
-4895
-4135
-3364
-3305
-4440
-6217
-7106
-6758
-8190
-8835
-7794
-7085
-5659
-6400
-7108
-2335
-1792
-11490
-15507
-9664
-6678
-10982
-7702
-688
-5098
-6811
-5718
-8447
-11262
-7957
-3256
-8104
-7135
-1696
-5330
-11044
-9001
-5079
-9379
-6807
-1492
-5913
-3302
3621
-3256
-13333
-7228
-1656
-7649
-7644
-5671
-8218
-7090
-2619
-1495
-3755
-771
125
-5753
-7736
-7675
-11338
-9476
-3472
-4864
-3929
-201
-471
-2340
-1936
-237
-2692
-3642
-2550
-3266
-4955
-1523
2897
464
748
1441
-1952
-3396
-712
3683
3803
675
1953
1895
-3804
-4048
-836
-352
5
4649
6697
2033
3082
4085
-303
-2037
2491
6258
-1417
-2266
4924
2605
-1150
-57
2899
-236
-833
4486
2222
332
4094
4938
307
1492
5059
1260
3329
8484
4715
150
4323
6798
1829
4841
9334
4227
3020
5310
3186
2715
5504
5285
1716
1673
5501
3516
378
4776
7478
6270
6568
5167
587
-1767
1454
6272
7208
5659
6291
6222
757
-1918
1782
2378
-1576
1373
7892
2543
-89
5900
4357
-632
-164
3838
-658
-5815
-1085
1572
-608
-2086
5363
5263
-3139
789
841
-5984
-4940
2693
2944
-1938
4256
6445
-929
1402
4892
-1013
-1543
4706
3602
840
4178
4440
1667
4180
6464
3597
3284
4282
2488
2333
2593
729
909
4282
5359
2715
3207
5791
3204
3869
5986
1774
3989
9120
4287
-893
1249
2356
1610
3825
4339
2464
2175
2210
549
-1759
2047
5087
523
-2203
-1939
-2340
-3329
-639
2027
2235
1436
406
975
-4511
-4480
2876
3316
-2289
-2096
4851
129
-2514
1576
1315
-3138
-3982
2505
-1971
-2335
3149
-480
-4594
-1825
2425
-5046
-6324
3243
2979
-2045
-32
4722
1900
1756
6467
3547
3356
5622
1364
-1393
1152
3368
965
1229
7404
9741
9177
6578
2084
446
-878
-203
2542
1006
1917
6177
6182
3756
2479
1032
1182
2640
542
202
642
-267
-1865
-3273
-60
1582
-3652
-2121
6215
986
-5293
-782
