-1312
-1875
-1993
-1554
-1435
-1712
-1044
-714
-1445
-878
-630
-869
-700
-319
-257
-559
-460
-285
-259
-263
-2
-143
-492
-382
-79
211
42
-294
-367
-666
-826
-520
-272
-527
-728
-475
-466
-303
-73
-220
-413
-344
-313
-503
-581
-753
-854
-672
-498
-662
-518
-639
-812
-612
-841
-777
-385
-589
-427
-402
-540
-275
-524
-419
-252
-439
-411
-228
-479
-487
-134
-491
-795
-387
-434
-602
93
31
-402
-180
229
241
229
630
290
-159
191
407
295
571
564
140
404
610
408
472
334
124
204
309
151
258
453
-51
30
349
219
39
457
485
225
179
258
355
-14
350
404
240
122
7
-281
-555
-396
-318
-67
-39
63
67
327
833
1001
903
723
1005
793
983
1484
1141
1222
1072
811
596
443
444
339
430
-101
-477
-361
-558
-605
-363
-170
-508
-821
-636
-577
-453
-680
-750
-664
-1018
-903
-295
-352
-660
-136
-114
-438
-144
256
62
28
272
183
192
45
61
244
168
-222
253
310
-103
60
3
-679
-1331
-802
-1021
-1525
-898
-849
-1620
-1151
-731
-1316
-1012
-734
-1216
-873
-604
-654
-412
-469
-588
-698
-630
-472
-354
-513
-385
-426
-784
-152
-401
-1030
-295
-303
-787
-197
416
-292
-380
864
503
-12
866
774
125
575
1191
748
930
1533
1073
782
972
905
821
824
690
701
525
495
505
301
278
142
95
-269
-128
166
-94
151
82
-53
-25
10
80
29
-194
-75
229
-188
258
643
162
416
642
361
511
407
115
373
327
432
672
732
735
760
649
916
1012
816
1414
1535
1201
1416
1866
1723
1782
2311
1866
1534
1863
1575
1226
1262
422
-186
510
-116
-732
-409
-972
-1374
-1193
-1299
-1961
-1898
-1701
-1978
-2020
-1636
-1585
-1878
-1378
-1220
-1477
-1136
-1078
-1033
-1015
-915
-567
-799
-861
-730
-716
-684
-843
-776
-673
-817
-563
-460
-569
-539
-554
-299
-291
-664
-206
-275
-478
-52
-141
-102
-74
139
-298
-208
98
-321
-157
-148
-107
-260
-169
-515
-648
-409
-355
-379
-518
14
-456
-523
234
-300
-239
336
-76
-182
207
287
155
284
673
501
217
471
23
-172
524
643
129
164
428
298
539
787
824
751
1001
1000
1026
1391
817
822
1168
630
774
1036
559
621
959
825
702
833
546
541
352
9
518
345
163
541
273
-132
370
131
-287
270
359
148
212
370
-92
226
460
143
505
588
447
365
812
943
1016
1010
1438
2095
1683
1959
2240
1833
1604
2174
1829
1248
1728
1637
1250
923
1045
532
-133
-43
-88
-952
-1539
-921
-1381
-1764
-1259
-1140
-1749
-1782
-835
-1475
-1783
-983
-1139
-1271
-563
-699
-842
-331
-510
-364
-353
-620
-621
-609
-721
-299
-364
-554
-11
-469
-501
142
-309
-799
-349
-634
-1304
-995
-777
-1090
-1092
-593
-917
-1582
-804
-580
-1016
-577
-353
-789
-807
-303
-547
-520
-348
-279
-250
41
228
-63
289
226
-214
-217
-317
-634
-702
-590
-655
-929
-344
60
-771
-659
-399
-1063
-1340
-947
-851
-1460
-1536
-733
-1033
-1622
-546
-668
-1480
-661
-334
-895
-573
30
-342
-212
305
36
248
343
90
122
243
168
-129
-53
96
21
-56
452
572
294
569
778
563
508
484
547
815
808
1192
1259
1039
946
846
1233
851
803
1437
992
423
1116
1060
241
938
1757
1230
919
1880
1721
1068
1862
2231
1676
2064
2542
1914
1748
2600
2517
1675
2204
2109
1010
960
1231
610
82
598
122
-516
-272
-231
-578
-744
-418
-490
-805
-804
-546
-1039
-1132
-333
-661
-1157
-369
-460
-1133
-746
-971
-1482
-1259
-1183
-1527
-1334
-1440
-1855
-1817
-1886
-1914
-1837
-1915
-1697
-1706
-1831
-1487
-1770
-1762
-1367
-1219
-1253
-916
-655
-700
-441
-488
-239
-328
-372
-120
-557
-133
316
-4
-382
-195
-40
-590
-189
59
-154
-146
491
469
-200
620
895
410
576
1306
1462
1165
1614
1873
1452
1529
1860
1856
1614
1699
2082
1825
1703
1853
1705
1472
1381
1204
882
858
503
326
363
-264
-177
-82
-439
-630
-492
-549
-1038
-891
-1161
-1494
-1058
-686
-561
-392
335
435
97
728
601
177
529
477
282
645
380
74
110
-397
-179
-337
-920
-850
-778
-624
-435
-505
-37
-5
-13
421
-93
-223
164
-17
-118
89
-196
-218
152
83
17
353
176
-227
4
-432
-963
-674
-1120
-1443
-1076
-1209
-1486
-1088
-1128
-1483
-1289
-916
-948
-743
-299
-332
-236
-233
92
10
-73
378
247
369
856
699
898
1280
942
873
871
668
641
503
642
620
500
808
640
571
681
430
767
683
730
1123
826
725
1122
992
543
1053
864
588
938
1159
867
635
885
741
233
155
431
-90
-409
-174
-571
-799
-504
-389
-560
-633
-465
-603
-589
-352
-282
-530
-604
-448
-608
-789
-649
-500
-733
-689
-388
-291
-211
-36
7
-35
89
150
137
71
-244
-470
-668
-879
-957
-892
-995
-1162
-976
-931
-838
-837
-977
-1278
-1245
-1000
-1092
-899
-890
-858
-875
-654
-427
-517
-799
-829
-600
-743
-731
-616
-536
-569
-350
-197
-273
-365
-290
6
-12
159
451
555
736
848
1070
1019
950
1152
1220
1171
1332
1117
872
1241
1339
1053
1063
958
422
348
218
137
32
-111
-244
-83
-54
-359
-531
-499
-445
-663
-341
-278
-206
28
49
342
520
625
626
569
460
378
637
528
601
568
360
403
394
265
-31
174
333
18
121
73
-8
41
69
24
-232
-138
-300
-171
-109
-259
-74
-171
-291
-319
-153
-169
-416
-227
-296
-374
-319
-352
-497
-686
-491
-647
-825
-719
-904
-1104
-986
-1020
-1114
-998
-933
-957
-862
-606
-599
-632
-453
-184
-159
-338
-81
115
193
292
485
517
573
949
606
494
732
628
489
636
640
330
621
587
282
564
851
929
1026
1217
1029
1071
1299
1318
1201
1093
1061
786
713
730
714
327
177
291
-42
-147
-226
-486
-686
-452
-737
-1155
-933
-1053
-966
-818
-812
-922
-1023
-574
-251
11
376
373
513
548
516
628
521
327
165
46
399
818
617
387
470
494
239
90
7
-367
-489
-462
-774
-1089
-901
-727
-792
-831
-493
-244
-161
267
217
254
395
257
92
319
376
373
671
725
662
656
655
368
477
296
128
154
168
126
33
181
60
43
88
152
98
255
481
614
640
648
767
857
1064
1007
832
790
753
727
634
573
399
316
476
637
625
562
678
743
792
677
722
476
189
199
-34
-418
-564
-371
-492
-399
-97
-182
-239
65
186
118
154
169
177
-63
133
233
-147
-349
-413
-514
-628
-555
-483
-571
-669
-758
-784
-933
-1128
-1127
-1374
-1463
-1334
-1284
-1176
-1098
-997
-872
-825
-781
-443
-434
-390
-108
-28
-178
-148
-52
-335
-359
-369
-436
-544
-459
-413
-601
-725
-639
-465
-412
-318
-173
-33
-60
-185
-77
93
289
248
86
376
427
276
318
316
254
306
465
371
350
467
147
-192
-306
-403
-693
-1032
-970
-838
-763
-882
-889
-635
-692
-656
-619
-616
-687
-715
-616
-620
-498
-527
-595
-474
-115
-8
82
206
209
251
343
433
500
483
283
567
600
433
442
335
187
178
275
108
-20
-3
-39
-275
-297
-150
-315
-317
-150
-156
-225
-288
-226
-247
-87
-52
-159
1
-67
-99
-137
57
4
-116
45
-195
-89
42
-98
-25
167
323
264
364
551
530
613
818
809
797
1046
1143
1062
1174
1178
1186
1348
1490
1372
968
961
841
517
426
487
303
236
397
313
285
257
67
-121
17
-59
-144
-196
-387
-251
-179
-259
-226
-176
-152
-53
-4
-59
-128
-93
-185
-337
-340
-313
-410
-345
-325
-196
-140
-306
-441
-669
-641
-568
-461
-386
-255
65
178
274
254
121
322
481
514
592
798
855
598
229
-4
-133
-549
-729
-979
-1130
-1058
-1238
-1236
-1322
-1603
-1756
-1704
-1647
-1624
-1632
-1402
-1083
-1003
-905
-659
-576
-466
-319
-344
-181
-119
-127
-189
-168
-199
-369
-329
-191
-167
-136
48
68
91
132
350
297
145
305
340
509
619
682
650
890
1230
1227
1309
1372
1518
1512
1513
1554
1370
1297
1224
1234
1185
1111
1028
884
757
693
683
557
544
658
744
776
631
611
618
600
987
1172
1224
1242
1415
1503
1465
1460
1384
1287
1185
1177
1327
1427
1280
1210
1108
1068
1101
1027
744
717
625
416
251
-48
-239
-501
-624
-735
-688
-595
-664
-623
-664
-733
-725
-789
-853
-781
-762
-782
-689
-695
-674
-413
-424
-563
-497
-502
-540
-559
-515
-601
-682
-719
-623
-597
-673
-613
-496
-254
-117
-66
-24
10
292
539
540
604
764
887
773
681
677
620
319
-34
-175
-306
-569
-748
-1031
-1150
-1103
-1245
-1011
-1179
-1219
-1220
-1280
-1102
-1110
-1128
-1174
-1125
-1055
-1005
-958
-793
-799
-612
-538
-592
-617
-655
-657
-737
-660
-777
-863
-724
-633
-736
-825
-890
-961
-906
-863
-976
-1002
-1072
-1164
-999
-965
-994
-922
-830
-773
-596
-595
-681
-427
-386
-360
-313
-210
-128
-225
-196
-306
-431
-472
-486
-547
-591
-569
-685
-739
-573
-527
-435
-360
-323
-179
-87
-152
-76
43
62
216
238
284
332
388
523
595
536
476
434
456
563
588
500
534
656
545
527
820
866
889
909
912
842
746
695
632
738
726
811
747
785
945
1178
1124
1105
1284
1181
1251
1359
1297
1390
1422
1272
1326
1167
959
909
746
601
523
514
501
509
538
548
691
1032
1188
1340
1479
1335
1396
1448
1492
1545
1497
1285
1196
1040
719
502
461
202
106
108
-191
-457
-766
-816
-985
-1310
-1477
-1315
-1548
-1681
-1480
-1545
-1576
-1602
-1493
-1383
-1191
-1165
-1227
-882
-838
-997
-844
-853
-816
-820
-783
-692
-610
-441
-396
-256
-239
-184
-137
-127
-133
-147
-35
-137
-209
-151
-155
-161
18
139
142
207
252
232
322
398
364
370
267
286
348
462
260
-22
134
191
230
230
155
142
306
322
90
42
-67
-160
-94
-76
-139
-55
184
404
423
333
340
440
402
499
665
613
659
631
821
833
886
919
705
716
701
656
407
373
199
63
74
-8
-50
-135
-6
7
-73
-97
-192
-217
-179
-335
-439
-561
-687
-571
-595
-825
-971
-919
-898
-893
-847
-804
-606
-511
-636
-541
-444
-641
-619
-443
-375
-339
-225
75
192
288
321
318
506
666
808
783
854
1029
1205
1224
1039
977
985
871
681
433
205
13
-13
-168
-505
-553
-555
-748
-699
-442
-310
-270
-177
84
59
-80
93
264
427
602
641
722
552
464
405
261
132
-80
-270
-336
-422
-597
-518
-561
-429
-465
-473
-268
-237
-217
-386
-315
-295
-250
-160
-237
-121
-42
-71
4
49
-187
-216
-283
-374
-244
-333
-379
-346
-404
-516
-564
-665
-716
-680
-758
-734
-531
-568
-667
-653
-865
-855
-762
-789
-770
-582
-447
-557
-490
-487
-645
-762
-741
-802
-734
-509
-411
-176
-18
266
384
367
379
334
432
393
188
65
74
-5
-59
17
-22
77
105
72
75
48
57
-10
17
-62
-158
-332
-316
-226
-217
-204
-292
-190
-149
142
228
284
481
434
470
475
397
349
442
486
663
862
923
863
946
1069
1143
1137
917
989
969
982
1117
1316
1338
1700
2001
1721
1586
1240
1060
722
406
298
137
-41
-260
-233
-245
-275
-310
-230
-159
-92
-95
-117
-202
-216
-329
-396
-105
-90
127
132
103
84
196
145
7
78
11
16
33
142
-73
-203
-296
-446
-425
-507
-476
-432
-347
-261
-337
-223
-314
-366
-136
-181
-235
-185
-263
-420
-457
-398
-598
-682
-703
-800
-846
-861
-882
-1029
-959
-846
-772
-645
-553
-476
-463
-538
-403
-404
-409
-274
-313
-399
-433
-329
-264
-31
165
94
93
121
205
215
280
223
153
165
201
324
367
254
241
226
48
45
-87
-188
-407
-502
-696
-726
-570
-806
-736
-639
-708
-777
-627
-447
-470
-92
35
-239
-275
-192
-178
-221
-163
-176
-198
-109
89
103
-67
46
129
82
157
181
202
251
321
391
514
736
799
704
684
498
472
525
492
528
765
911
915
1082
1044
1031
1103
1010
898
767
690
480
279
126
-174
-423
-522
-671
-712
-431
-600
-524
-489
-493
-199
-212
44
113
421
628
781
882
824
974
918
1165
1455
1606
1635
1584
1406
1271
1354
1495
1707
1681
1593
1353
1120
1004
1176
1331
1283
1118
819
511
545
940
1062
1020
816
419
187
101
95
-104
-308
-650
-936
-972
-972
-811
-929
-945
-936
-985
-1019
-875
-615
-576
-448
-336
-418
-234
110
325
382
485
414
69
83
14
-58
-164
-245
-403
-715
-795
-964
-832
-728
-528
-482
-902
-1191
-1421
-1445
-1518
-1377
-1339
-1593
-1795
-2015
-1970
-1837
-1574
-1282
-1200
-1260
-1316
-1315
-1236
-935
-645
-457
-591
-633
-439
-632
-467
-152
-167
-306
-291
-373
-506
-441
-500
-656
-677
-622
-615
-335
-304
-172
-270
-474
-305
-117
104
141
207
256
334
534
708
1010
1249
1242
992
772
654
616
726
665
549
310
132
70
130
191
89
-235
-602
-732
-704
-546
-517
-472
-467
-520
-749
-659
-513
-597
-496
-610
-656
-759
-667
-492
-574
-303
-325
-360
-165
-79
35
136
23
-152
-53
-216
-194
-288
-477
-487
-598
-311
-215
10
0
187
441
276
510
427
336
253
231
196
145
297
387
469
387
485
524
343
365
378
253
293
236
200
288
420
664
792
915
918
1050
1219
1268
1390
1587
1948
2225
2503
2621
2530
2542
2541
2405
2191
1995
1571
871
634
516
196
-107
-566
-986
-1373
-1694
-1999
-2253
-2380
-2289
-2022
-2021
-2033
-1963
-1841
-1502
-1120
-538
-240
255
848
1184
1554
1741
1994
2044
2132
2082
1768
1693
1576
1181
703
465
350
147
112
-58
-208
-133
-71
-78
-84
239
862
1055
1008
1187
1498
1895
2337
2613
2556
2611
2277
1823
1492
1001
564
60
-508
-1087
-1669
-2039
-2495
-3056
-3667
-4326
-4714
-4780
-4779
-4662
-4328
-4034
-3601
-3097
-2537
-1814
-1034
-568
-186
302
804
1604
2379
2792
3062
3212
3236
3345
3499
3401
3283
2849
2192
1521
830
184
-314
-920
-1855
-2712
-3589
-4145
-4689
-5041
-5243
-5407
-5387
-5385
-5093
-4924
-4555
-4096
-3661
-3030
-2415
-1768
-1253
-567
339
1286
2334
3211
4019
4722
5389
6060
6587
7381
8069
8435
8557
8495
8290
8109
8019
7475
6478
4816
2993
1383
-52
-1121
-1918
-3024
-4455
-5977
-7713
-9199
-9982
-10310
-10506
-10292
-10044
-9655
-8715
-7273
-5642
-4055
-2479
-922
609
2037
3710
5527
7070
8491
9573
10081
10230
10228
9742
8991
8211
7120
5875
4431
2809
1168
-536
-2325
-4128
-5865
-7467
-8784
-9924
-10841
-11289
-11473
-11317
-10763
-9920
-8796
-7673
-6375
-4818
-3019
-1235
258
1763
3182
4618
6072
7753
9385
10545
11576
11909
12205
12622
12668
12482
11881
11064
9958
8891
7929
7070
6132
4734
2470
-620
-3249
-5516
-7439
-8206
-8772
-10067
-10819
-11449
-12557
-12534
-12189
-12017
-11637
-10740
-9425
-7870
-5349
-2631
-455
1452
3086
4331
5538
6890
8231
9392
9958
10471
10956
10786
10210
8934
7204
5268
3253
1694
211
-1434
-2971
-4273
-5877
-7926
-9085
-10366
-11800
-12442
-13009
-13762
-13711
-12996
-12212
-10864
-9506
-8398
-7046
-5643
-4552
-3251
-1553
-128
1347
2951
4213
5102
5837
6622
7170
7778
8673
9057
9454
9801
9575
9372
9251
9079
8769
8195
7273
6378
5573
5086
5157
4746
3227
1205
-1206
-3531
-4610
-4973
-5592
-6459
-7257
-7971
-8381
-8326
-7978
-7775
-7536
-7102
-6667
-5959
-4373
-2290
-142
2089
3130
3785
4724
5587
6571
7408
7794
7565
7838
8487
8566
8502
7950
6428
4823
3479
2086
446
-734
-1817
-3183
-4040
-4991
-5812
-6126
-6266
-7060
-7805
-8199
-8360
-7502
-6427
-5669
-4862
-3592
-3206
-2827
-1238
-416
-83
687
1529
1855
2320
3639
4309
4441
5142
5523
5584
6197
6883
7156
7246
7376
6834
6008
5705
5639
5366
5112
4646
3578
3122
3053
2609
2354
1384
-655
-2485
-3920
-4680
-5131
-5786
-6498
-7186
-7835
-8110
-8113
-7919
-7474
-7007
-6512
-6478
-5919
-4711
-3435
-1402
210
1207
2489
3390
4309
5553
6198
6379
6929
6952
6873
7249
6841
6306
5811
4749
3555
2262
283
-867
-1975
-3806
-4706
-5958
-7173
-8221
-8349
-9094
-10489
-10565
-10603
-10515
-10013
-9009
-8383
-7705
-6371
-4917
-3647
-2254
-734
547
1627
2489
3500
4883
6047
7210
8190
8612
8737
9207
9705
9430
8995
8675
7666
6525
6081
5489
5066
4852
4318
3185
2455
1929
1303
1284
890
-591
-2173
-3645
-5102
-5705
-5941
-6325
-6883
-7463
-7908
-7956
-7186
-6239
-5990
-5478
-4883
-4829
-4273
-2426
-1046
24
2155
3246
3621
5630
7144
7733
9003
9689
9113
9717
10458
9527
9420
9194
8220
7042
5971
4476
2932
1233
-527
-2411
-4477
-6064
-7384
-8212
-9064
-9710
-10827
-11597
-12053
-12282
-11768
-11409
-10940
-10113
-8588
-7536
-6246
-3593
-1958
-812
1308
2543
3237
4872
6151
6666
7710
8380
8154
8911
9004
8310
8483
7865
6831
6758
5974
4901
4600
4032
3529
3128
2822
2681
1848
1465
1596
1161
955
1376
666
-1100
-1209
-2140
-3574
-3881
-4372
-5454
-6138
-6357
-6870
-7049
-7309
-7249
-7496
-7729
-8009
-7950
-7152
-6821
-5832
-4408
-3571
-2347
-498
586
1531
2865
3062
3608
4431
4316
5010
5422
4971
5226
5674
4963
4782
4591
3249
2366
1002
-106
-1109
-2431
-3058
-3673
-4925
-5866
-6261
-6627
-7094
-7419
-7075
-7647
-7703
-6917
-6440
-5973
-4950
-3787
-3301
-1974
-754
243
1516
2842
3712
4557
5767
6458
7129
7931
8210
8351
8453
8377
8461
8515
8542
8312
8217
7909
6993
6897
7091
5980
5746
6221
5174
4366
4798
4257
3345
3459
2324
735
62
-774
-1846
-2028
-2426
-3413
-3701
-4343
-4490
-4793
-5367
-4916
-5236
-6039
-5882
-5725
-6006
-5366
-4841
-5103
-4411
-3950
-3925
-2705
-2671
-2851
-1772
-1831
-1440
-764
-871
-262
-317
-273
513
-96
-156
478
-30
-247
319
-40
-964
-575
-567
-1941
-1906
-1764
-2633
-2990
-2918
-3240
-3848
-3550
-3490
-3556
-3407
-3633
-3300
-3138
-3339
-2527
-2357
-2430
-1605
-1332
-774
-158
188
923
1427
2077
3015
3425
4209
5084
4995
5864
6698
6475
6719
6885
6799
6362
6757
7111
6519
6349
6300
5790
5141
5506
5388
4512
4571
4063
3081
3248
2774
1565
1718
1519
-145
-143
74
-1385
-1541
-982
-2144
-2718
-2525
-3396
-3935
-4094
-4255
-4285
-4155
-4100
-4546
-4123
-3652
-3964
-3537
-3130
-3121
-2965
-2432
-2236
-2244
-1767
-1104
-1014
-965
8
75
-243
469
158
-126
789
589
96
622
572
-566
15
485
-985
-659
-164
-1281
-1572
-1367
-2145
-2294
-2423
-3216
-2998
-3632
-4058
-3276
-3475
-3608
-2813
-2238
-2518
-2338
-1115
-1366
-2152
-676
-108
-1155
29
1075
53
617
1425
757
1542
1841
1032
2117
2076
1559
2965
3185
2656
3535
4279
3426
3770
4611
4041
4012
4585
4449
3902
4550
4091
3429
4164
3717
2989
3171
2881
2296
1984
2060
1707
706
868
575
-367
-317
-598
-1461
-1343
-1345
-1868
-1797
-1769
-2171
-1964
-1578
-1981
-2135
-1954
-1801
-1617
-1132
-562
-467
-481
-215
-104
-130
-360
-391
-207
-569
-667
-357
-376
-1169
-776
-96
-1338
-1382
-485
-1325
-2169
-1083
-942
-2129
-1705
-1118
-2133
-2511
-1568
-2052
-2538
-1919
-1952
-2261
-2301
-2349
-2095
-2025
-1886
-1662
-1636
-900
-946
-705
405
-44
173
1137
666
1154
1803
1620
2421
2927
2613
3311
3892
3797
4338
5023
5207
5160
5773
5898
5418
5733
5850
4991
4984
5248
4053
4181
4369
2672
2580
2910
1391
935
1220
-401
-727
-827
-2672
-2988
-3240
-4608
-4664
-4314
-5394
-5515
-5132
-5747
-5538
-5180
-5259
-5205
-4836
-4991
-4603
-3687
-4413
-3906
-2742
-3209
-2917
-2262
-2530
-2257
-1745
-1532
-1280
-1211
-1317
-1066
-1078
-1235
-937
-1083
-1149
-1350
-1283
-1222
-1601
-1236
-1083
-1764
-1282
-1304
-2174
-1207
-1005
-1455
-1299
-939
-1084
-1795
-869
-732
-1534
-613
22
-860
-508
710
-307
-406
671
-33
-248
660
594
10
784
1153
884
1923
2232
2269
2779
2982
2772
3078
3446
3339
3854
4375
4185
4101
4757
4458
4602
5205
4585
4540
5015
4315
4000
4431
3748
3238
2914
2655
2435
1233
1082
1545
258
-313
357
-308
-1755
-1241
-1057
-2580
-2274
-2034
-2832
-2830
-2577
-2683
-2860
-2586
-2339
-2412
-2379
-2181
-2075
-2256
-1739
-1647
-1990
-1411
-798
-993
-1080
-174
-295
-357
722
757
569
1197
1473
1333
1616
1957
1732
1689
1847
1448
1055
1162
668
379
586
15
-608
-550
-1019
-1783
-1536
-1972
-2498
-2043
-2121
-2496
-2190
-2020
-2145
-1699
-1187
-968
-483
-56
32
322
636
971
1219
1597
1682
1821
2346
2721
3020
3194
3629
3925
3758
4150
4510
4220
4036
3982
3973
3469
3412
3656
3134
2990
2914
2705
2115
2242
2146
1073
1773
1901
1028
1448
2068
1087
863
1595
612
348
201
-379
-618
-1189
-1637
-1736
-2206
-2990
-2678
-2814
-3663
-3557
-3587
-4341
-4634
-4683
-4699
-4770
-4793
-4393
-4432
-4470
-3732
-3346
-3437
-2859
-2713
-2798
-2270
-2214
-1821
-1310
-1231
-501
-285
-339
136
-152
85
837
64
251
382
-431
-42
-184
-752
-659
-1274
-1496
-1345
-2134
-1715
-1906
-3031
-2690
-2904
-3578
-3038
-3262
-3538
-3004
-3216
-3017
-2410
-2270
-1843
-1291
-1435
-1267
-413
26
588
1357
1840
2466
2963
3378
3632
3779
4172
3955
4135
4649
4352
4273
4544
3872
3931
4273
3276
3024
2877
1795
1348
1158
443
191
196
-121
-374
-40
-111
-330
224
189
-154
147
46
-279
201
603
312
658
1583
1240
1448
1945
1269
898
766
767
439
237
198
-352
-1328
-1585
-1119
-1967
-1973
-1233
-2135
-2642
-2120
-2215
-2837
-2548
-2161
-2534
-2582
-1907
-1325
-1446
-840
154
-35
-115
577
982
675
1258
2055
1941
2242
2875
2956
2864
2786
2353
2230
1625
1037
1008
386
-124
-289
-868
-1208
-1443
-2098
-2394
-2495
-3251
-3460
-3266
-3970
-4029
-3784
-4099
-3875
-3387
-3482
-3140
-2717
-2641
-2157
-1415
-898
-509
262
699
1180
1649
2160
2620
2741
3583
4137
4129
4584
5055
4582
4551
5028
4254
3947
4167
3225
2362
2341
1771
1064
1137
970
647
499
394
475
468
308
438
447
336
541
1210
1494
1784
2219
2259
2574
2865
3006
3321
3866
3600
3352
3390
2627
2123
1833
1235
618
-70
-1093
-1765
-2523
-3599
-4025
-4622
-5560
-6111
-6654
-7628
-7850
-7893
-8003
-7485
-7070
-6671
-5832
-5313
-4825
-3806
-3432
-2980
-2155
-1601
-1103
-330
377
843
1564
1995
2066
2212
2417
2226
1892
1700
1360
914
504
277
-154
-517
-963
-1440
-1995
-2672
-3167
-3601
-4101
-4330
-4106
-4420
-4277
-3693
-3530
-3286
-2854
-2480
-2255
-1811
-1242
-560
135
858
1966
2897
3428
4354
5184
5480
6078
6724
6804
6958
7429
7531
7392
7588
7048
6540
6340
5516
4957
4515
3731
3031
2636
2004
1362
957
563
23
-616
-951
-1168
-1630
-1516
-1469
-1604
-1326
-1021
-749
-518
78
746
1167
1804
2123
2131
2355
2945
3168
3301
3608
3141
2380
1947
1158
594
268
-599
-1175
-1831
-2760
-3327
-3830
-4655
-5188
-5532
-6122
-6593
-6691
-6458
-6113
-5413
-4502
-3851
-3091
-2409
-1603
-748
-90
664
1380
2025
2749
3476
4323
5382
5647
5788
5957
5666
5012
4446
3614
2581
1934
1049
229
-589
-1508
-2450
-3228
-4098
-4859
-5414
-6097
-6578
-6907
-7019
-7026
-6984
-6914
-6735
-6299
-5997
-5371
-4503
-3627
-2713
-1568
-393
593
1586
2627
3317
3983
4797
5123
5611
6098
6158
6299
6571
6407
6250
5957
5345
4686
3908
3146
2391
1413
566
-36
-759
-1188
-1550
-2178
-2561
-2515
-3091
-3367
-3123
-3292
-3029
-2495
-2145
-1857
-1093
-591
-142
678
1213
2051
2933
3543
4105
4618
4733
4861
5124
4901
4581
4033
2880
1852
1235
276
-463
-1033
-2149
-3220
-3994
-4956
-5927
-6505
-7242
-8304
-9028
-9351
-9537
-9263
-8525
-7882
-7216
-6425
-5688
-4474
-3480
-2776
-1609
-602
251
1502
2623
3328
4264
5120
5447
5800
5721
5446
5439
5018
4465
4024
3452
2717
2141
1267
237
-543
-1556
-2339
-2930
-3462
-3849
-4077
-4014
-3970
-3680
-3132
-2658
-2173
-1647
-1052
-454
261
1140
2188
2880
3403
4425
4913
5460
5918
6006
6348
6323
6536
6614
6506
6514
6511
6054
5565
5060
4095
3342
2375
1480
747
-17
-696
-1272
-1719
-2388
-3024
-3335
-4042
-4408
-4310
-4643
-4736
-4377
-4295
-4039
-3328
-2789
-2266
-1593
-849
-197
535
1332
2123
2867
3456
4110
4778
5110
5288
5719
5610
4942
4344
3229
2082
1065
341
-543
-1462
-2188
-3434
-4366
-5379
-6220
-6911
-7846
-8499
-8668
-8929
-9143
-8677
-8072
-7384
-6322
-5257
-4512
-3571
-2274
-1180
-188
1083
2445
3456
4626
5563
6074
6613
6851
6923
6682
6378
5950
5232
4513
3618
2675
1738
596
-753
-1947
-3171
-4339
-5356
-6348
-7107
-7833
-8195
-8310
-8077
-7869
-7539
-6970
-6612
-5853
-4954
-4086
-3043
-2035
-867
458
1748
3072
4362
5349
5978
6828
7289
7596
8094
8206
8050
7997
7875
7257
6722
6070
4939
4029
3205
2336
1811
1302
687
128
-364
-1032
-1637
-2104
-2569
-2701
-2655
-2507
-1998
-1491
-1035
-450
-167
303
886
1540
2275
2891
3628
4001
4252
4601
5089
5648
6142
6413
6462
6604
6835
7002
6901
6623
5906
4433
2968
1734
256
-819
-1846
-3175
-4085
-5087
-6134
-6837
-7651
-8397
-8650
-9065
-9471
-9233
-9051
-8515
-7557
-6761
-5581
-4453
-3661
-2637
-1515
-639
656
2006
2925
3972
4603
5141
5489
5587
5586
5220
4636
3947
3262
2401
1509
560
-631
-1677
-2672
-3971
-5180
-6255
-7341
-8195
-8732
-9105
-9355
-9321
-9064
-8687
-8233
-7659
-7094
-6225
-5253
-4281
-3020
-1857
-616
765
2076
3139
4179
5067
5655
6389
6903
7248
7567
7741
7724
7737
7516
6935
6495
5559
4530
3678
2422
1247
286
-817
-1795
-2392
-3014
-3445
-3862
-4323
-4601
-4850
-4953
-4749
-4592
-4305
-3681
-3330
-2779
-2165
-1551
-778
157
1034
2077
3189
4006
5101
6106
6848
7565
8115
8564
8830
8813
9007
9157
9188
9182
8415
7260
6181
4942
3397
2322
1281
85
-803
-2073
-3499
-4880
-6215
-7505
-8468
-9076
-9570
-9648
-9451
-8806
-7984
-6860
-5717
-4776
-3672
-2848
-1766
-560
782
2129
3449
4677
5609
6566
6950
7248
7380
7038
6586
5976
5097
4283
3439
2302
1286
115
-1128
-2335
-3761
-5149
-6384
-7490
-8547
-9282
-9524
-9624
-9409
-9093
-8641
-8157
-7410
-6524
-5888
-4830
-3884
-2688
-1260
-57
1283
2448
3509
4519
5548
6389
7033
7636
7995
8109
7983
7871
7657
7100
6540
5731
4522
3329
2387
1378
321
-493
-1308
-2008
-2776
-3302
-3804
-4425
-4746
-4914
-5127
-5226
-5158
-4887
-4702
-4287
-3450
-3053
-2491
-1813
-1173
-544
202
1151
1816
2338
2873
3237
3661
4145
4533
4916
5040
4966
4774
4607
4439
4131
3557
2751
1502
86
-1243
-2658
-3854
-4784
-5675
-6398
-7072
-7805
-8437
-9014
-9309
-9395
-9304
-8936
-8308
-7405
-6124
-4609
-3413
-2143
-676
342
1378
2595
3558
4680
5781
6778
7462
7851
8295
8166
7781
7409
7082
6513
5718
4873
3873
2875
1762
723
-418
-1547
-2408
-3354
-4332
-5177
-5766
-6269
-6549
-6513
-6516
-6147
-5662
-5227
-4580
-3906
-3077
-2200
-1257
-98
985
2033
3101
4194
5042
5901
6753
7255
7673
8060
8464
8715
8776
8704
8593
8371
8041
7509
6800
5991
4989
4058
3161
2173
1267
247
-847
-1711
-2560
-3369
-3910
-4417
-4834
-5152
-5292
-5300
-5174
-4727
-4264
-3781
-3178
-2529
-1918
-1200
-418
516
1488
2296
3035
3647
4066
4730
5373
5896
6482
6822
6985
6938
6981
6974
6821
6444
5559
4285
2883
1271
-375
-1600
-2604
-3648
-4449
-5185
-6247
-7304
-8440
-9457
-10061
-10664
-10857
-10781
-10421
-9620
-8567
-7463
-6339
-4962
-3764
-2526
-1262
106
1458
2592
3883
4971
5537
6031
6276
6348
6374
6373
6281
5740
5199
4426
3525
2538
1568
641
-452
-1375
-2380
-3428
-4512
-5363
-6122
-6775
-7092
-7389
-7260
-6861
-6525
-5979
-5592
-5181
-4522
-3883
-2977
-2091
-962
66
983
1780
2464
3260
3872
4478
4876
5262
5405
5545
5577
5307
4901
4633
4252
3601
2970
2128
1256
237
-578
-1481
-2119
-2827
-3565
-3906
-4574
-4870
-5168
-5302
-5379
-5381
-5119
-5116
-4779
-4288
-3787
-3198
-2691
-2074
-1333
-480
406
1336
2207
2864
3621
4212
4600
5034
5474
5818
6195
6539
6639
6598
6643
6765
6515
6081
5381
4173
2788
1387
-121
-1433
-2443
-3378
-4169
-4942
-5734
-6567
-7366
-8093
-8674
-8788
-8801
-8549
-7906
-7019
-5813
-4645
-3239
-2237
-1195
-39
935
2094
3188
4509
5531
6595
7303
7922
8270
8098
8077
7629
6918
6294
5466
4554
3811
3037
2083
1040
-34
-1239
-2325
-3542
-4598
-5342
-5958
-6413
-6818
-6833
-6740
-6754
-6677
-6377
-5947
-5263
-4186
-3249
-2271
-1061
151
1372
2503
3537
4240
4825
5442
5993
6646
7218
7714
7958
8069
8051
7851
7515
6992
6361
5521
4731
3925
3063
2021
1012
-48
-1247
-2308
-3174
-3938
-4675
-5289
-6032
-6384
-6392
-6384
-6235
-6093
-5946
-5607
-4999
-4450
-3777
-3082
-2315
-1489
-813
186
1008
1572
2320
2930
3307
3607
3896
4126
4276
4507
4443
4306
4122
3821
3687
3497
2985
2213
1352
-19
-1342
-2612
-3492
-4260
-4876
-5260
-5945
-6516
-7215
-7792
-8226
-8426
-8400
-7975
-7310
-6523
-5265
-4278
-3214
-2217
-1129
-31
986
2094
3071
4180
5072
5983
6734
7214
7329
7318
7079
6530
6042
5320
4542
3693
2771
1868
999
203
-610
-1507
-2626
-3619
-4469
-5243
-5761
-6160
-6507
-6659
-6438
-6094
-5663
-5131
-4554
-3981
-3299
-2455
-1519
-685
494
1706
2718
3680
4518
5223
5730
6319
6604
6926
7134
7379
7448
7273
7218
6921
6483
5876
5229
4406
3514
2736
2009
1232
737
181
-459
-888
-1354
-1889
-2416
-2846
-3234
-3254
-3048
-2676
-2266
-1824
-1418
-1025
-618
-291
130
432
880
1329
1863
2443
3125
3662
3904
4093
4194
4351
4216
4193
4207
4108
4078
3922
3866
3622
3381
2917
2235
1292
-115
-1523
-3117
-4374
-5482
-6340
-6854
-7402
-7918
-8492
-8855
-9432
-9959
-9990
-9653
-9175
-8450
-7374
-6506
-5550
-4441
-3410
-2457
-1216
85
1367
2564
3623
4687
5492
6102
6483
6689
6530
6399
6193
5424
4862
4095
3117
2154
943
-227
-1398
-2646
-3918
-5045
-6199
-7128
-7891
-8595
-8846
-8973
-9051
-8706
-8291
-7763
-6929
-6116
-5234
-4196
-2984
-1813
-641
703
2105
3247
4404
5591
6270
7039
7766
8223
8379
8382
8200
7745
7357
6694
5933
5055
4130
3201
2240
1313
284
-506
-1295
-2054
-2494
-2878
-3336
-3697
-3992
-4406
-4525
-4378
-4252
-3973
-3574
-3105
-2607
-1951
-1367
-834
-271
248
893
1503
2080
2601
3203
3712
4118
4653
5065
5557
6013
6305
6500
6769
7016
6940
6812
6440
6027
6279
5801
5199
4202
2962
1515
126
-1275
-2497
-3210
-3925
-4544
-5369
-6335
-7296
-8137
-8927
-9539
-9753
-9753
-9146
-8637
-8023
-7007
-5922
-4580
-3345
-2100
-797
501
1724
2830
4095
5028
6000
6803
7124
7449
7249
6830
6141
5428
4606
3580
2492
1296
248
-1085
-2269
-3582
-5007
-6218
-7210
-7924
-8531
-8687
-8593
-8345
-8047
-7452
-6662
-5826
-4789
-3711
-2733
-1572
-343
1017
2399
3577
4729
5636
6426
7086
7766
8006
8160
8228
7975
7551
7116
6580
5857
4965
3956
3169
2075
1176
311
-392
-1119
-1819
-2175
-2696
-3045
-3286
-3484
-3751
-3793
-3600
-3306
-2910
-2512
-1982
-1492
-1017
-383
158
496
767
1133
1392
1615
1986
2269
2643
3012
3356
3711
3969
4100
4205
4330
4426
4316
4252
4282
4287
4099
3981
3914
3385
2984
2309
1283
-145
-1455
-2824
-4100
-5006
-5764
-6287
-6950
-7383
-8024
-8541
-9067
-9151
-9004
-8859
-8131
-7238
-6025
-4708
-3255
-1874
-376
1110
2342
3560
4739
5951
7005
7814
8351
8754
8815
8714
8149
7187
6181
4936
3614
2286
1119
-169
-1435
-2664
-3996
-5457
-6787
-7886
-8986
-9758
-10347
-10674
-10703
-10413
-9980
-9258
-8361
-7355
-6072
-4914
-3644
-2305
-933
338
1761
3077
4322
5432
6362
7047
7518
7907
7857
7788
7374
6853
6286
5599
4856
4281
3547
2791
2006
1105
245
-523
-1041
-1634
-2001
-2573
-2773
-3154
-3404
-3473
-3661
-3642
-3691
-3377
-3133
-2750
-2297
-1845
-1475
-1032
-645
-254
170
729
1243
1706
2298
2699
3127
3354
3688
3930
4071
4367
4545
4626
4697
4747
5493
5498
5575
5592
5407
5215
4906
4540
3920
3354
2387
1166
-147
-1711
-2983
-3997
-4565
-5204
-5776
-6247
-6879
-7398
-7731
-8055
-7978
-7516
-6947
-5883
-4805
-3735
-2436
-1109
189
1464
2550
3584
4700
5740
6597
7369
8111
8692
9158
9099
8620
7932
7073
6192
5111
3989
2731
1594
458
-746
-2020
-3256
-4574
-5601
-6456
-7364
-7891
-8289
-8293
-8150
-7700
-7251
-6559
-5715
-4761
-3703
-2747
-1618
-707
373
1459
2407
3278
4093
4641
5105
5457
5579
5617
5357
4851
4273
3642
2999
2306
1498
793
150
-700
-1494
-2303
-3199
-3871
-4268
-4513
-4814
-4860
-4857
-4839
-4804
-4622
-4411
-4158
-3798
-3349
-2774
-2152
-1535
-1151
-734
-519
-324
-142
-69
80
115
210
399
535
796
975
1115
1251
1653
1996
2208
2792
3082
3275
3776
3929
4050
4542
4431
4153
4277
3704
2492
1566
36
-2061
-3039
-3946
-5213
-5554
-5960
-7030
-7436
-7837
-8808
-9396
-9217
-8917
-8413
-6917
-5527
-4169
-2228
-393
1064
2826
4392
5731
7304
8700
9488
10022
10903
11072
11043
10906
10111
8925
7628
6294
4702
2703
985
-463
-2079
-3669
-5256
-6599
-8076
-9219
-9805
-10487
-11035
-10668
-10129
-9483
-8109
-6887
-5488
-3892
-2277
-847
1032
2941
4332
6461
8305
9597
10862
11864
12348
12299
12092
11740
11247
10696
10071
8810
7478
5967
4139
2712
872
-1054
-2349
-3427
-4439
-5195
-5592
-6311
-6391
-6205
-6291
-5586
-4932
-4638
-3844
-3065
-2572
-1860
-1156
-545
33
809
1608
1761
2079
2659
2340
2273
2185
1760
1541
1265
968
553
378
-328
-145
-157
-261
13
431
954
1526
2342
2582
2971
3783
4165
4578
5282
5477
5503
5023
3932
2377
262
-1657
-3261
-4727
-5850
-6935
-7946
-8665
-9934
-10730
-11444
-11766
-11864
-11499
-10173
-9181
-7661
-5342
-3072
-1546
534
2744
3938
5524
7445
8048
8981
10088
10222
10352
10572
9861
8674
7904
6341
4496
3183
1229
-1101
-2222
-3911
-5899
-6715
-8037
-9515
-9938
-10592
-11201
-10983
-10508
-9806
-8400
-6601
-4962
-2945
-843
917
2465
4226
5569
6869
8368
9454
10086
10783
11255
10766
10571
10090
8498
7309
6495
4848
3105
2194
1003
-717
-1438
-2070
-3189
-3350
-3694
-4051
-3613
-3200
-2637
-1818
-980
-485
363
1452
2028
2621
3485
4187
4194
3885
4469
4540
3708
3926
3921
2341
1417
1478
460
-780
-771
-1337
-2756
-2861
-3046
-3622
-3554
-3229
-3176
-2938
-2006
-1522
-986
388
1531
2041
3127
4152
4361
4802
5315
4977
4159
3096
1291
-630
-2489
-4036
-5454
-6656
-7732
-9017
-10247
-11037
-11986
-12945
-12684
-12405
-12065
-10830
-9351
-8269
-6461
-3858
-2162
-283
2273
3816
5100
6809
7887
8217
8796
9202
8753
8511
7663
5978
4528
2431
432
-1498
-3925
-5796
-7057
-8822
-10355
-11164
-12409
-13471
-13621
-13865
-13841
-12804
-12098
-10482
-8273
-6899
-4781
-2046
-450
1132
3485
4921
6019
7591
8964
9522
10072
10555
10404
9949
9501
8415
7187
6042
4416
2900
1796
633
-838
-1590
-2228
-3099
-3725
-3901
-4205
-4577
-3942
-3437
-2933
-2028
-1203
-210
953
1940
2698
3705
4222
4640
5110
5178
5346
5239
5315
5275
4795
4490
4381
2227
1911
1893
913
661
1061
967
826
1823
2470
2876
3835
4734
5058
5419
6550
6707
6975
7561
7653
7169
7447
7329
5972
5434
4231
1443
-1231
-2576
-4514
-6842
-7301
-7655
-9517
-10364
-10160
-11104
-11977
-11324
-10711
-10201
-9188
-7469
-5068
-3468
-900
1962
3701
5648
7462
8841
9788
10562
11063
11463
11629
11277
10431
9135
7694
5531
3429
1663
-936
-3095
-4878
-6908
-8161
-9617
-10798
-11149
-12027
-12734
-12281
-12162
-12046
-10496
-9135
-8085
-5654
-3433
-1698
774
2666
4064
5548
6935
7611
8306
9174
9549
9597
9435
9081
8261
7350
6205
4841
3473
2143
923
-306
-1437
-2377
-3535
-4134
-4519
-5241
-5210
-5375
-5084
-4557
-4558
-3094
-1809
-1486
617
1921
1963
3305
4048
3842
4219
4720
4407
4061
4205
3879
2919
2414
1622
582
-452
-1223
-1827
-3059
-3080
-3055
-3975
-3645
-2812
-3161
-2793
-1364
-1095
-407
1403
2058
2546
4316
4750
5107
6807
7144
7019
7458
6704
4783
3604
1852
-807
-1937
-3226
-5449
-6619
-7497
-8923
-9701
-10017
-10756
-11409
-11000
-10772
-10419
-9097
-7261
-5521
-3949
-1273
505
2110
4028
5433
6588
7537
8265
9101
9667
9207
9079
8747
7149
5959
4844
2491
696
-978
-3123
-4947
-6168
-7863
-9070
-9774
-11053
-11401
-11632
-11956
-11457
-10568
-10317
-9257
-7259
-6213
-4755
-2203
-216
1087
3326
5535
6415
7548
9044
10124
10157
10736
11611
10676
10192
10447
9217
7395
6566
5089
2930
1726
707
-919
-1855
-2558
-3664
-4389
-4993
-5500
-5660
-5703
-5500
-4826
-4177
-3305
-2358
-1090
177
895
1949
2673
2897
3621
4090
4290
4717
4880
4946
4568
4282
4349
3433
3037
2681
1677
1384
728
330
280
-106
31
194
-141
-6
716
545
553
1929
2164
2227
3444
3836
3680
4169
4167
3119
2448
1666
52
-1279
-1726
-2727
-4646
-5148
-5875
-7834
-8247
-7780
-8797
-9176
-8171
-8382
-8581
-7185
-5958
-5547
-3778
-1659
-773
567
2608
3266
3908
5182
5695
6500
7120
7525
7611
6751
6115
5575
4178
2856
1445
-356
-2072
-3869
-5222
-6387
-7762
-8853
-9443
-10000
-10720
-10994
-10946
-10806
-10821
-10416
-8918
-8307
-7797
-5727
-4290
-3654
-1985
-435
269
1561
3050
3892
4502
5663
5692
5900
6562
5990
6007
6155
5332
4330
4313
3604
1892
1818
1543
-68
-445
-240
-1245
-1603
-1243
-1675
-1996
-1882
-1635
-1452
-962
-756
21
632
256
1353
2078
1500
2169
3029
2707
2979
3633
3638
3340
3607
3811
3357
3314
3272
3288
3036
2780
2866
2867
2581
2189
2551
2189
1590
2414
2529
2276
2666
2888
2744
2686
2935
2723
2838
2353
1713
1931
1390
701
505
162
-510
-1044
-1333
-1919
-2149
-2328
-2671
-2357
-2484
-2689
-2882
-2631
-2865
-3502
-3278
-3090
-3213
-3131
-2362
-2171
-2278
-1766
-1408
-1710
-1648
-1404
-1619
-1763
-1694
-1287
-1234
-913
-82
-459
-376
392
138
282
1225
1483
1124
1519
1564
1332
1263
1232
1225
918
636
769
317
-289
-246
-992
-1172
-1240
-1970
-1908
-1719
-2486
-2467
-2000
-2445
-2605
-2066
-1831
-1757
-1695
-1202
-729
-1026
-667
-286
83
65
605
1033
923
1680
1377
1516
2290
1728
1963
2528
2524
1913
2548
2797
1957
1859
1828
1678
1422
1165
1261
1086
683
736
882
665
363
294
403
11
-447
-348
-178
-388
-533
-71
3
-301
165
458
431
562
832
1100
975
1174
1628
2019
2144
2326
2664
2292
2254
2737
2152
1863
1757
1262
1178
453
258
218
-612
-710
-713
-1238
-1489
-1808
-1868
-1661
-1888
-1592
-1181
-1627
-1871
-1320
-857
-1327
-1046
-16
-336
-417
256
514
242
178
746
906
460
778
1033
512
614
832
579
555
402
-193
264
-51
-730
-379
-882
-1094
-998
-1314
-1402
-1333
-1477
-1312
-1438
-1625
-1291
-1213
-864
-324
-448
-201
274
322
724
996
1079
1356
1517
2174
2288
1855
2481
2187
1523
2131
1941
961
1191
767
-120
65
-222
-840
-778
-462
-1014
-1159
-1002
-1278
-1689
-1941
-1525
-2006
-2390
-1556
-1670
-2443
-2124
-1585
-2564
-2829
-1872
-2539
-2957
-2299
-2012
-2585
-2580
-1744
-2114
-2183
-1528
-1272
-1196
-1116
-752
-462
-528
-135
524
471
818
1395
1617
1988
1903
2074
2044
1415
1289
1286
580
118
255
-708
-1306
-1393
-2283
-2276
-2377
-2827
-2978
-3424
-3589
-4129
-4313
-4300
-4501
-4431
-4400
-4129
-3983
-3874
-3103
-2656
-2417
-1564
-1091
-1023
-513
278
329
627
1119
1083
961
966
1149
765
555
690
780
773
683
1068
1078
420
438
754
-102
-427
362
-28
-477
138
416
-159
57
554
69
-11
504
477
319
472
585
647
789
892
948
1151
1030
1128
1575
1523
1573
2006
2134
2389
2985
3233
3509
4186
4325
4780
5355
5156
5340
5819
5640
5693
5985
5486
4948
4903
4546
3765
3337
2713
2356
1967
1472
1093
419
-392
-1013
-1113
-1538
-2065
-2180
-2069
-2139
-1950
-1450
-1160
-903
-476
129
348
668
1128
1545
2083
2434
2591
2998
3315
3233
3552
3595
3273
3206
3175
2879
2462
2124
1797
1264
686
186
-432
-1098
-1319
-1511
-2003
-2137
-2506
-3066
-3351
-3571
-3880
-3885
-3750
-3803
-3788
-3427
-3171
-2962
-2473
-2348
-2192
-2036
-1759
-1818
-1793
-1645
-1556
-1305
-1154
-945
-855
-539
-644
-516
-244
-392
-562
-451
-490
-951
-788
-527
-727
-764
-468
-637
-864
-896
-965
-1092
-1201
-1096
-959
-1211
-1134
-1012
-1252
-1087
-818
-784
-727
-512
-554
-365
-168
-63
222
336
303
524
831
1098
1161
1357
1458
1402
1551
1488
1596
1565
1383
1531
1613
1252
1277
1164
739
923
743
397
473
511
372
398
688
531
379
648
691
564
606
535
478
488
590
651
411
265
433
367
108
10
-166
-395
-585
-706
-852
-976
-949
-558
-212
8
329
481
595
564
560
812
1061
937
877
814
550
225
-144
-386
-916
-1351
-1722
-2041
-2340
-2425
-2529
-2887
-3069
-3097
-3150
-3286
-3139
-3123
-3141
-3005
-2896
-2741
-2485
-2196
-1705
-1394
-1073
-523
-288
52
464
760
895
1024
1172
1296
1428
1431
1528
1552
1306
1167
969
680
509
353
195
-116
-286
-220
-448
-696
-557
-713
-893
-848
-859
-972
-1002
-803
-709
-659
-772
-644
-652
-633
-339
-267
-76
259
464
464
733
846
781
1202
1305
1364
1696
1784
1987
1926
1907
2060
1958
1782
1782
1755
1394
1430
1352
1057
969
955
825
622
532
323
17
-50
-41
-411
-281
-156
-219
54
-107
-139
95
-202
-256
51
-29
-268
-182
-118
-177
27
321
468
506
986
1230
1241
1755
1918
2119
2743
3075
3133
2800
2575
2421
1856
1434
1247
838
263
187
-72
-480
-913
-1420
-1861
-2456
-2533
-2858
-3171
-3221
-3384
-3493
-3583
-3566
-3589
-3523
-3596
-3458
-3308
-3321
-2886
-2618
-2470
-2148
-1999
-1598
-1312
-1154
-850
-778
-741
-456
-283
-402
-80
112
25
195
357
381
447
568
703
614
627
688
444
410
536
492
312
233
358
257
109
229
89
-39
69
308
187
61
156
44
-7
98
121
-86
26
-76
-229
-192
-347
-179
-84
-11
255
369
529
1043
1217
1379
1766
1707
1628
1772
1896
1887
2051
2141
2138
1947
1961
2060
1832
1761
1712
1381
912
769
869
562
245
301
121
-86
32
77
-135
-211
-297
-472
-569
-703
-764
-689
-883
-552
-329
-430
124
328
470
701
964
1154
1336
1688
1730
1855
2155
2384
2547
2694
2784
2896
3002
2933
2727
2390
2234
2299
1974
1592
1596
1351
1009
890
365
-117
-440
-797
-1123
-1522
-1682
-1923
-2175
-2329
-2337
-2409
-2522
-2452
-2553
-2511
-2438
-2280
-2153
-1908
-1571
-1323
-947
-840
-557
-226
-165
48
206
337
435
416
589
473
395
392
201
256
186
241
147
129
-117
-431
-675
-967
-1090
-1205
-1060
-1223
-1291
-1115
-1003
-923
-721
-693
-866
-964
-1007
-1110
-1130
-1013
-1020
-1009
-1062
-915
-796
-888
-640
-467
-500
-199
-17
-65
-141
148
361
336
609
803
803
840
961
772
644
920
985
1089
1170
1306
1488
1284
1347
1422
1148
860
864
683
445
280
-11
-232
-491
-410
-586
-928
-1087
-1206
-1325
-1279
-934
-934
-864
-723
-698
-667
-511
-366
-467
-403
-308
-150
255
648
908
1063
1186
1357
1422
1339
1278
1155
846
826
789
511
252
-195
-381
-367
-429
-541
-592
-717
-695
-656
-825
-861
-1032
-1224
-1353
-1559
-1834
-1824
-1877
-1812
-1538
-1331
-1051
-837
-653
-552
-547
-557
-393
-252
-222
-127
-20
-44
-182
-210
-133
-236
-384
-377
-394
-481
-515
-648
-830
-975
-1131
-1226
-1340
-1521
-1573
-1613
-1607
-1458
-1301
-1071
-829
-772
-685
-577
-585
-392
-301
-65
130
115
290
431
455
699
917
795
991
1207
1330
1572
1766
1826
1810
1942
1964
2178
2139
2177
2174
1917
1925
1721
1728
1553
1321
1069
748
490
99
-34
-309
-673
-633
-485
-505
-355
-243
-276
-173
-205
-178
-18
141
258
610
813
938
1260
1496
1799
1843
1803
1899
1970
1965
2272
2666
2657
2718
2688
2401
2415
2096
1996
2069
1865
1902
1581
1393
1082
608
236
-215
-609
-1011
-1299
-1687
-1978
-2261
-2587
-2869
-3233
-3342
-3543
-3785
-3587
-3418
-3023
-2512
-1914
-1135
-458
139
568
1123
1795
1987
2238
2618
2754
3350
4203
4122
3898
3895
3292
2701
2233
1190
302
-323
-1271
-1988
-2458
-3107
-3417
-3800
-4200
-4299
-4494
-4661
-4608
-4559
-4558
-4241
-4026
-3853
-3403
-2848
-2603
-2017
-1256
-848
-354
374
896
1234
1840
2053
2218
2364
2392
2435
2229
2078
1849
1523
1365
1235
978
726
533
158
-72
-337
-664
-815
-1072
-1220
-1179
-1127
-1030
-968
-871
-730
-643
-440
-118
19
201
506
757
809
738
895
857
872
685
593
619
490
640
654
532
572
732
817
839
1011
1175
1166
1261
1416
1573
1810
2049
2080
2155
2402
2690
2977
3361
3775
3769
3489
3155
2768
2003
1095
309
-611
-1286
-1870
-2475
-3361
-4031
-4499
-5144
-5565
-6053
-6408
-6680
-6662
-6492
-6056
-5307
-4634
-3786
-3043
-2122
-1059
-90
934
1776
2528
3080
3709
4313
4689
5122
5164
5046
4889
4627
4199
3543
3170
2635
1832
1088
264
-697
-1528
-2187
-3120
-3544
-3769
-4482
-5134
-5547
-5699
-5721
-5678
-5441
-5057
-4829
-4443
-3851
-3080
-2579
-1787
-848
-312
472
1318
2089
2581
3200
3692
3822
3917
3974
4023
3909
3560
3161
2783
2298
1760
1230
785
128
-417
-623
-1027
-1307
-1261
-1257
-1279
-1032
-963
-911
-748
-542
-389
-374
-347
-308
-70
143
476
748
927
1145
1227
1332
1298
1034
919
828
724
744
827
774
799
969
1057
1135
1252
1392
1543
1731
1936
1846
1945
2168
2039
2279
2419
2336
2419
2028
1598
850
49
-645
-1258
-1902
-2377
-2847
-3446
-4036
-4468
-4755
-5083
-5154
-5286
-5232
-4862
-4479
-3951
-3329
-2310
-1490
-711
-81
600
1484
2082
2760
3443
3933
4188
4651
4878
4735
4726
4513
4067
3640
3096
2301
1660
1060
405
-166
-718
-1258
-1976
-2657
-2986
-3551
-4174
-4170
-4259
-4286
-3900
-3380
-2884
-1950
-872
-248
568
1343
1890
2526
2974
3460
3935
4281
4780
5391
5622
5627
5977
5836
5428
5084
4557
3781
2887
2240
1521
784
277
-223
-634
-1022
-1546
-1897
-2247
-2676
-2914
-2849
-3125
-3378
-3292
-3237
-3127
-2863
-2601
-2392
-2073
-1827
-1407
-1190
-1134
-1015
-854
-778
-779
-563
-410
-152
69
306
539
562
693
752
728
862
1007
1174
1310
1625
1849
1981
2287
2318
2530
2573
2727
2875
2659
2547
2158
1756
1042
259
-546
-1449
-2331
-2915
-3322
-4079
-4715
-5467
-6114
-6422
-6666
-6825
-6839
-6554
-6165
-5691
-5106
-4253
-3379
-2438
-1400
-465
507
1436
2515
3402
4165
5004
5678
6098
6377
6412
6230
5937
5368
4635
3647
2673
1816
1056
472
-377
-1187
-1941
-2623
-3246
-4041
-4556
-5040
-5376
-5585
-5465
-5186
-4946
-4507
-3935
-3157
-2594
-2008
-1098
-299
385
1343
2083
2376
2929
3448
3812
4186
4456
4681
4781
4813
4918
4905
4699
4392
4053
3677
3207
2847
2294
1735
1232
674
116
-352
-626
-1003
-1205
-1505
-1656
-1774
-2163
-2346
-2446
-2512
-2859
-2805
-2428
-2337
-2276
-2158
-1982
-2086
-1920
-1544
-1508
-1595
-1447
-1110
-846
-609
-222
112
339
660
1164
1423
1508
1857
2003
2198
2470
2848
3011
3096
3294
3352
3509
3319
3121
2790
2211
1523
720
-4
-660
-1410
-1991
-2380
-2952
-3416
-3777
-4110
-4391
-4530
-4624
-4720
-4543
-4336
-4036
-3758
-3421
-2874
-2229
-1488
-875
-307
312
1052
1724
2326
2902
3359
3797
3994
4108
4130
3961
3910
3772
3387
3087
2696
2233
1879
1332
636
-141
-850
-1610
-2391
-3056
-3759
-4270
-4568
-4802
-4907
-4876
-4526
-4132
-3707
-3347
-3009
-2418
-2084
-1474
-834
-537
-77
424
979
1510
1940
2249
2566
2848
2916
3049
2975
2882
2921
2717
2609
2395
1931
1619
1208
736
465
239
-7
-195
-329
-346
-163
27
51
122
232
229
267
371
569
591
580
653
843
990
991
835
704
614
393
230
92
22
-102
-106
-8
88
124
79
70
77
317
567
669
996
1326
1477
1677
2039
2179
2095
2074
2069
1882
1550
1152
667
-2
-864
-1498
-2205
-2791
-3369
-3889
-4358
-4783
-4954
-5113
-5125
-5229
-5280
-5085
-4928
-4632
-4164
-3672
-3048
-2559
-1900
-1089
-511
33
607
1226
1851
2352
2944
3441
3732
3977
4079
3931
3756
3606
3214
2828
2317
1766
1342
762
268
-282
-778
-1168
-1559
-2040
-2387
-2493
-2675
-2715
-2611
-2310
-2063
-1819
-1593
-1280
-1012
-721
-191
284
810
1226
1645
2026
2508
2871
3036
3299
3390
3553
3742
3834
3703
3738
3695
3335
3321
3294
3030
2737
2599
2349
2229
2028
1653
1363
1159
875
606
576
138
-267
-446
-659
-876
-1032
-938
-1035
-1127
-1145
-941
-938
-824
-720
-774
-499
-316
-147
224
398
705
1122
1525
1853
2000
2076
2080
2318
2328
2282
2508
2488
2340
2148
1992
1756
1474
1247
1077
886
442
224
1
-470
-834
-1331
-1771
-2166
-2581
-2855
-3158
-3496
-3888
-4148
-4555
-4878
-5047
-5095
-4920
-4791
-4436
-3995
-3680
-3277
-2842
-2367
-1977
-1828
-1452
-1106
-807
-356
127
529
836
1143
1342
1636
1679
1714
1710
1363
1210
936
535
161
-57
-315
-504
-577
-711
-977
-1316
-1315
-1462
-1756
-1853
-2050
-2337
-2424
-2254
-2085
-2004
-1760
-1619
-1271
-986
-756
-387
-258
-10
357
559
552
580
621
617
634
569
636
753
803
1066
1227
1365
1420
1470
1519
1528
1381
1145
1070
826
668
617
446
289
261
78
-128
-250
-482
-677
-870
-1223
-1506
-1677
-1791
-1732
-1535
-1428
-1386
-1283
-1107
-1061
-955
-852
-911
-852
-722
-671
-429
-323
-338
80
194
216
487
651
727
948
1452
1803
1862
2174
2513
2499
2585
2599
2372
2235
2196
2269
2252
1937
1577
955
325
-24
-358
-709
-1425
-1629
-1590
-1929
-1957
-1983
-2015
-2329
-2471
-2050
-2009
-2093
-1957
-1635
-1673
-1674
-1199
-1044
-972
-872
-577
-562
-491
-136
-107
-30
263
559
602
936
975
884
1240
1187
1172
1201
1096
1131
1042
1013
952
957
807
637
617
528
518
499
662
543
370
517
662
634
504
598
459
251
305
422
498
394
489
673
561
545
577
482
403
469
510
358
497
545
646
798
1080
1315
1530
1570
1499
1936
2232
2055
2216
2304
1996
1974
1961
1810
1688
1934
2004
1821
1833
1880
1708
1706
1625
1378
1203
689
636
382
-31
80
-109
-308
-554
-742
-739
-980
-888
-905
-1110
-1323
-1530
-1422
-1573
-1839
-1603
-1443
-1580
-1569
-1310
-1141
-1155
-643
-313
-408
-234
96
262
564
1110
1465
1939
2198
2164
2454
2610
2211
2043
1829
1264
1031
592
73
-126
-510
-605
-828
-1263
-1565
-1967
-2193
-2592
-2881
-3127
-3299
-3247
-3383
-3086
-2518
-2722
-2547
-1944
-2282
-2588
-2039
-1907
-2288
-1769
-1346
-1354
-1031
-679
-648
-962
-561
-389
-513
-131
53
232
-33
156
780
527
411
859
859
493
624
1040
787
642
1074
1024
972
730
655
774
289
-151
93
118
-353
-149
287
-3
-292
124
39
-389
-376
-123
-329
-493
-455
-452
-224
-232
-91
40
113
157
101
590
926
789
1350
1603
1423
1519
1334
1109
1065
873
978
1196
1060
1065
1101
1179
958
768
755
253
-217
-22
-202
-791
-481
-485
-1007
-750
-797
-1429
-1310
-1044
-1283
-1320
-887
-1008
-1178
-759
-774
-950
-1060
-853
-969
-1248
-910
-878
-1040
-886
-844
-744
-622
-770
-942
-814
-522
-1001
-816
-347
-630
-460
101
428
172
671
1490
968
847
1200
940
497
349
538
-5
-244
-71
-580
-930
-1069
-1637
-2234
-2307
-2411
-2975
-2810
-2725
-3185
-2971
-2697
-2893
-3067
-2757
-2636
-2410
-1989
-1646
-1012
-695
-479
60
239
434
864
812
649
945
1134
914
1215
1467
1111
1521
1660
1266
1682
1773
1370
1363
1680
1172
1302
1530
968
1289
1069
841
1285
1329
1152
1624
1945
1662
1905
2193
1907
2211
2404
2081
2409
2386
2068
2020
2252
1976
1680
2245
2186
1619
2057
2262
1829
1910
2323
2111
1613
2198
2151
1689
1989
2056
1516
1429
1840
1451
1532
1834
1417
1156
1118
1078
569
404
480
36
32
-203
-392
-408
-946
-880
-691
-996
-1286
-1173
-1357
-1730
-1314
-1097
-1109
-868
-586
-570
-486
-390
-381
-462
-664
-513
-592
-612
-130
-188
-527
18
437
-114
-371
197
-396
-1200
-793
-691
-1214
-1384
-742
-816
-1201
-581
-416
-1233
-1385
-1050
-1210
-1983
-1873
-1271
-1910
-1718
-1266
-2020
-2154
-1954
-2497
-2712
-2848
-3444
-3514
-2966
-3333
-3418
-2706
-2748
-2616
-2381
-2331
-2501
-2082
-1861
-1810
-1579
-1204
-645
-1039
-690
66
-139
-370
375
678
-70
546
998
-15
300
445
-222
-352
-165
76
-142
-35
417
724
208
114
1063
163
-94
1092
506
131
739
1125
1121
1472
1873
1776
1975
1744
1790
2185
1977
1936
2544
2759
2636
2667
2995
3092
2228
2500
2765
1896
2036
2485
2628
2437
2486
3029
2608
2409
2622
2158
2116
2156
1735
2068
1960
1677
1709
1608
1672
1307
1394
1262
985
1219
755
748
717
146
295
441
198
30
212
50
-39
209
-369
-349
286
-612
-497
167
-919
-752
-331
-1069
-851
-347
-735
-593
-167
-541
-560
-755
-1153
-1311
-1364
-1467
-1813
-1768
-1729
-2091
-1967
-1715
-2038
-2339
-1960
-1483
-2134
-2225
-1439
-1577
-2040
-1677
-1410
-1939
-1464
-604
-1305
-1427
-1102
-1307
-1637
-1871
-1571
-2131
-2507
-2124
-2534
-3264
-2836
-2854
-3553
-2964
-2630
-3102
-2657
-2615
-2776
-2410
-2832
-2501
-2284
-2769
-2280
-2015
-2140
-2022
-1752
-1638
-1718
-1392
-1080
-1086
-958
-491
-820
-540
86
-643
-259
541
-126
240
919
56
141
610
281
363
757
583
544
1062
1113
904
1228
1243
1227
1444
1449
1587
1419
1533
1813
1951
1681
1783
2195
1944
2299
2244
2207
2188
1832
2040
1695
1646
1670
1493
1708
1678
1717
1796
1917
2189
1878
1735
1844
1493
1244
1594
1553
1081
1543
1428
834
1233
1153
504
750
904
501
575
916
506
396
1210
631
377
1151
387
375
1398
1321
937
1434
1684
1100
1349
1917
1308
796
1465
855
334
1036
533
115
376
74
-105
356
176
-298
211
212
-596
-414
61
-604
-1020
-237
-526
-1305
-599
-65
-455
-383
30
140
-75
194
739
522
296
685
856
330
233
402
41
-173
-16
-352
-826
-557
-795
-1558
-979
-453
-1289
-877
194
-592
-770
248
-218
-979
-335
-432
-1367
-891
-509
-1083
-1002
-672
-864
-998
-664
-621
-739
-360
-332
-546
-494
-342
-536
-533
-107
-98
-104
234
376
223
305
707
554
-15
469
763
155
505
924
516
492
876
456
480
677
226
339
104
77
-379
-568
-101
-895
-1495
-899
-1081
-1957
-1302
-603
-1285
-1157
-77
-439
-1046
-441
-395
-979
-315
-5
-566
-117
366
-227
-199
378
-252
-516
71
-27
-522
-32
496
-5
30
658
238
-278
296
158
-394
200
242
-280
492
197
-468
443
341
-379
-85
199
-275
-453
-101
-133
-607
-729
-505
-935
-1536
-1004
-921
-1733
-1606
-1033
-1215
-1593
-912
-605
-986
-779
-337
-432
-714
-249
-223
-565
-334
153
649
400
627
1343
976
1035
1196
599
541
692
166
32
30
-535
-465
-238
-678
-843
-416
-457
-705
-490
-240
-611
-577
-137
-415
-595
-327
-297
-333
-255
-135
230
204
408
795
266
422
715
530
828
668
333
705
589
27
582
677
43
205
636
436
334
796
692
607
714
486
616
466
381
838
142
-273
644
210
-508
409
90
-961
-85
-258
-1165
-919
-772
-1000
-1070
-662
-761
-737
-186
-400
-736
-230
-487
-985
-546
-618
-861
-765
-676
-335
-485
-245
581
174
405
1199
522
827
1335
548
1112
1259
713
1300
1141
834
1312
919
798
1107
777
714
757
690
678
640
617
400
70
330
-102
-477
-32
-549
-782
-781
-788
-964
-993
-833
-973
-721
-916
-823
-1055
-1100
-626
-820
-640
-165
-242
70
552
468
1299
1630
1377
1942
2238
1905
1997
2206
1824
1846
1955
1557
1432
1509
1482
1328
1203
1485
848
586
999
150
-65
38
-463
-763
-493
-721
-1052
-590
-561
-355
-518
-367
196
-120
-123
433
347
-208
314
538
-263
-37
439
-189
-233
377
31
-458
-193
375
21
-204
254
-206
-316
131
140
-304
-185
93
-105
-66
-145
-66
-198
-363
-501
-544
-443
-561
-521
-190
-387
-283
-171
-757
-195
-400
-894
-501
-479
-612
-373
-255
-499
-181
-477
-590
-377
-1115
-871
-403
-981
-765
-91
-566
-730
79
-29
-449
-120
46
-374
-234
323
288
9
150
417
-38
18
533
-136
-151
605
170
-132
312
144
-452
-369
-397
-723
-820
-807
-826
-1100
-1210
-1176
-1214
-1206
-1369
-1224
-1240
-1461
-921
-830
-971
-932
-1061
-1050
-823
-789
-969
-457
-384
-268
629
786
663
897
1043
805
1042
1442
998
1134
1591
1546
1598
1749
1736
1341
1467
1775
1014
839
1008
135
-217
389
-199
-681
-333
-736
-1112
-1190
-1101
-1585
-1960
-1895
-1764
-1939
-1715
-1048
-1226
-955
-338
-73
-252
-272
33
-361
-232
387
115
-81
501
595
537
974
852
960
1077
1104
1373
1402
1292
1607
1592
1159
1500
1809
1541
1583
1886
1449
1497
1487
1077
1034
789
344
93
-123
-589
-586
-891
-1150
-1081
-1291
-1304
-1339
-1291
-1179
-1196
-1159
-1100
-1083
-1046
-697
-495
-481
-55
106
1
97
110
186
40
141
416
198
407
632
854
920
856
1092
915
636
469
513
252
122
157
-166
-9
86
-171
-449
-485
-571
-979
-762
-810
-1063
-906
-1035
-1066
-1065
-1241
-1261
-1275
-1320
-1365
-1295
-1060
-1017
-933
-700
-665
-552
-311
-227
-208
-171
130
202
-69
62
205
91
84
376
456
604
1274
1344
1555
2058
1922
1789
2124
2061
1911
2039
1930
1896
1740
1517
1190
717
520
547
229
24
46
-51
-176
-223
-321
-433
-280
-351
-390
-399
-490
-411
-411
-406
-488
-318
-219
-483
-603
-545
-542
-447
52
136
235
659
792
925
1011
1076
951
809
871
900
836
906
1144
1072
896
866
912
535
348
506
96
-27
130
-104
-257
-62
-147
-284
-333
-629
-818
-960
-991
-1121
-1092
-1022
-1162
-1155
-1240
-1231
-1319
-1330
-1334
-1348
-1198
-1299
-1232
-895
-1023
-859
-591
-821
-751
-535
-659
-616
-397
-350
-154
125
265
213
278
358
135
-111
-133
-270
-580
-793
-951
-876
-1072
-1189
-1041
-1307
-1237
-1032
-967
-1037
-960
-918
-999
-712
-748
-737
-578
-349
-8
-66
26
199
459
575
604
905
848
964
1256
998
837
1208
1246
942
930
773
584
658
839
898
923
1210
1403
1504
1769
1922
1856
2052
2438
2324
2271
2321
2044
2090
1975
1691
1556
1348
946
868
738
292
296
91
-32
73
-171
-370
-414
-527
-675
-516
-469
-535
-98
34
49
324
298
179
222
311
115
145
187
-124
96
132
-37
3
-26
-187
-338
-182
-178
-327
-634
-659
-746
-1059
-1362
-1365
-1314
-1576
-1419
-1301
-1299
-1174
-932
-786
-630
-410
-454
-287
-219
-93
139
17
50
212
345
114
174
265
-37
139
32
-194
-192
-285
-271
-377
-359
-503
-652
-749
-712
-561
-753
-728
-708
-840
-903
-988
-1245
-1218
-1006
-1164
-1366
-1349
-1193
-1199
-1227
-924
-1031
-1226
-1150
-1140
-1271
-1286
-1006
-917
-640
-588
-431
-411
-466
-173
-387
-464
-432
-347
-344
-512
-418
-420
-339
-261
-53
46
202
287
-24
-31
3
-366
-721
-833
-1170
-962
-754
-719
-478
-461
-258
-9
412
331
204
621
821
914
1084
1102
957
1266
1521
1383
1173
1284
1114
850
1095
1261
1295
1353
1177
1061
1138
867
747
796
717
735
875
763
448
373
364
225
112
198
221
152
307
574
595
519
669
601
440
474
794
812
806
1151
1194
1321
1429
1424
1463
1479
1461
1573
1575
1547
1582
1521
1524
1770
1881
1729
1819
1999
2012
1902
1662
1269
914
647
392
188
-56
-398
-612
-864
-1139
-1482
-1992
-2061
-1882
-1778
-2006
-2054
-2019
-2061
-1833
-1821
-1780
-1731
-1503
-1418
-1218
-780
-441
-54
118
363
374
380
539
469
436
489
714
672
671
764
616
283
-69
-369
-819
-906
-1169
-1780
-2045
-2252
-2509
-2738
-2937
-3052
-3095
-2997
-2926
-2934
-2879
-2654
-2399
-2455
-2411
-1989
-1572
-1283
-1206
-883
-526
-241
333
953
1275
1512
1993
2179
2368
2583
2258
2372
2766
3137
3320
3369
3631
3917
4151
3963
3629
3278
3094
2978
2366
1787
1646
1398
1247
923
552
428
265
32
-319
-405
-576
-747
-1000
-1141
-1025
-1169
-1349
-1382
-1301
-1109
-952
-801
-571
-238
224
413
507
807
1105
1232
1431
1459
1429
1492
1410
1421
1650
1967
1717
1814
2047
2034
2003
1961
1868
1464
1237
776
238
-249
-666
-1087
-1492
-1945
-2257
-2673
-3277
-3502
-3735
-4036
-4121
-4152
-4250
-4082
-4020
-3794
-3381
-3042
-2660
-2156
-1673
-1329
-729
-252
318
836
1173
1320
1466
1319
1290
1501
1292
1178
994
1008
840
788
697
188
-67
-460
-762
-1066
-1328
-1538
-1676
-1847
-2143
-1938
-1976
-2391
-2527
-2625
-2691
-2519
-2179
-1904
-1647
-1282
-1190
-1002
-512
-149
232
576
795
1281
1698
1720
1857
2028
2029
2032
1896
1554
1373
1331
1009
752
605
402
19
-169
-488
-650
-437
-700
-665
-631
-779
-961
-932
-794
-914
-597
-572
-623
-45
399
574
739
650
688
1097
876
457
548
514
278
315
214
-72
111
43
-248
-199
-295
-187
146
298
513
918
1423
1750
1859
1856
1806
1709
1643
1772
1721
1220
808
414
233
229
128
-159
-822
-1121
-1707
-2387
-2803
-3097
-3204
-3297
-3134
-2951
-2752
-2557
-2226
-1833
-1314
-994
-702
-72
430
1092
1717
2244
2910
3597
4079
4102
4038
4070
4125
4142
3959
3816
3549
3152
2738
2143
1547
903
381
-317
-952
-1605
-2275
-2447
-2643
-2632
-2583
-2661
-2575
-2284
-2263
-2164
-1781
-1324
-738
-332
84
197
511
964
1411
1996
2343
2724
3217
3575
3690
3662
3589
3545
3141
2454
2077
1592
1207
820
252
-79
-311
-716
-1037
-1210
-1519
-1829
-2163
-2393
-2603
-2655
-2734
-2929
-2937
-2662
-2587
-2560
-2385
-2395
-2056
-1725
-1435
-1066
-785
-261
325
501
632
1052
1432
1684
1850
2023
2391
2353
2416
2724
2807
3017
3110
3066
3174
3248
3185
3164
2789
2393
1934
1567
1367
952
149
-635
-1241
-2327
-3088
-3420
-3683
-3990
-4499
-4855
-5081
-5124
-5085
-5234
-5282
-4827
-4255
-4145
-4080
-3433
-2550
-1824
-1133
-406
25
462
926
1226
1942
2511
3002
3389
3534
3576
3371
3257
3092
2956
2581
2028
1517
1019
473
-128
-696
-1371
-1919
-2485
-3176
-3678
-3880
-4024
-3977
-3822
-3496
-3207
-3105
-2827
-2413
-2132
-1794
-1291
-992
-587
-181
253
671
1084
1639
2153
2569
2785
2861
3035
3025
2854
2831
2688
2279
1992
1827
1574
1123
882
880
656
502
435
368
290
69
-113
-280
-392
-503
-545
-621
-771
-491
-486
-221
150
162
322
611
927
910
998
967
946
987
981
994
823
775
795
844
878
1189
1264
1168
1472
1592
1702
1748
1675
1600
1548
1388
1303
1405
1422
1469
1531
1813
2200
1874
973
241
-229
-509
-791
-1354
-1712
-1750
-2085
-2421
-2702
-2902
-3053
-3381
-3611
-3825
-3827
-3837
-3770
-3513
-3045
-2301
-1854
-1609
-1257
-700
-129
249
491
911
1369
1701
1750
1519
1283
1139
1008
721
293
-27
-284
-624
-1167
-1630
-1937
-2495
-2873
-3028
-3367
-3803
-3953
-3959
-3773
-3222
-2787
-2333
-1737
-1271
-794
-138
254
631
1322
1748
2178
2722
3205
3468
3693
3791
3667
3812
3637
3304
2982
2623
2471
2226
1923
1443
1009
478
-70
-374
-539
-800
-982
-814
-774
-759
-658
-690
-555
-385
-393
-293
-176
25
341
505
677
937
1180
1325
1491
1626
1659
1564
1513
1465
1411
1305
1075
935
989
982
1063
1293
1344
1440
1523
1485
1327
1571
1688
1534
1733
1632
1514
1471
1381
1360
1410
1413
1213
823
264
-281
-837
-1343
-1884
-2312
-2678
-3197
-3690
-3822
-3912
-4185
-4133
-3915
-3602
-3200
-3022
-2855
-2523
-1892
-970
-157
350
852
1721
2487
2886
2928
3087
3496
3614
3395
2749
2265
1948
1626
1012
322
169
-174
-822
-1463
-1891
-2220
-2699
-3034
-3350
-3733
-4140
-4308
-4416
-4625
-4497
-4245
-3678
-3032
-2514
-1846
-1186
-486
284
863
1504
2251
2669
3021
3145
3295
3461
3344
3189
3189
3337
3240
2945
2830
2625
2183
1964
1608
1115
810
617
242
-224
-623
-957
-1105
-1095
-1253
-1433
-1310
-1256
-1125
-1054
-887
-413
-76
-22
88
273
452
755
593
720
1033
1105
1038
926
1128
1112
826
452
119
-65
46
38
-175
-41
308
473
496
614
961
1181
1132
1236
1309
1380
1547
1468
1240
1140
1106
679
-16
-520
-1136
-1911
-2408
-2701
-3098
-3564
-3886
-4122
-4220
-4244
-4239
-4131
-3864
-3564
-3330
-2874
-2224
-1381
-686
-37
1095
2202
2860
3436
3982
4407
4897
5211
5304
5527
5593
5252
4692
4505
4383
3771
2966
2315
1967
1293
339
-500
-1168
-1575
-2439
-3659
-4514
-4755
-4981
-5278
-5503
-5729
-5374
-5032
-4740
-4497
-4166
-3403
-2617
-1948
-1425
-798
-276
269
852
1030
1315
1521
1527
1471
1298
1138
1022
556
9
-383
-682
-868
-1488
-1894
-2046
-2516
-2942
-3141
-3180
-3409
-3452
-3381
-3132
-2843
-2592
-2140
-1692
-1268
-1123
-738
-236
119
161
279
540
678
790
720
696
675
666
560
414
384
295
162
4
-285
-406
-329
-283
-173
-6
223
499
725
1061
1359
1585
1822
1959
1985
2129
2361
2427
2613
2719
2626
2415
1908
1238
393
-217
-738
-1410
-1991
-2440
-2643
-2876
-3164
-3141
-2863
-2784
-2602
-2210
-1675
-1165
-772
-216
381
1124
1908
2489
2972
3529
4069
4162
4446
4774
4572
4453
4322
3969
3543
2970
2488
2172
1841
1227
371
-406
-995
-1365
-1655
-2203
-2653
-2611
-2597
-2645
-2474
-2014
-1349
-554
277
793
1390
2042
2642
3332
3822
4027
4116
4458
4601
4571
4448
4282
4153
3842
3490
3019
2496
2069
1632
1017
449
109
-201
-558
-955
-1228
-1381
-1611
-1814
-1958
-2095
-2118
-2113
-1887
-1684
-1582
-1296
-847
-611
-592
-360
-43
156
216
430
617
716
832
784
514
465
446
311
84
-358
-615
-635
-734
-948
-1046
-851
-699
-602
-333
-187
-69
129
310
397
241
422
861
997
1187
1463
1659
1614
1363
988
374
-440
-1198
-1822
-2428
-3116
-3610
-3987
-4373
-4502
-4536
-4644
-4649
-4333
-4071
-3889
-3679
-3431
-2819
-2156
-1630
-829
182
962
1612
2433
3109
3465
3895
4280
4347
4075
3869
3713
3349
2850
2313
1814
1036
616
-33
-843
-1445
-2102
-2406
-3060
-3625
-4087
-4429
-4502
-4584
-4427
-3888
-3173
-2540
-1875
-831
-106
540
1283
1979
2711
3162
3653
4104
4440
4492
4875
5076
4935
4937
4640
4347
3730
2973
2320
1774
1311
767
299
-73
-683
-1335
-1651
-1897
-2302
-2662
-2581
-2438
-2308
-2104
-1926
-1629
-1333
-1085
-558
-36
302
640
937
1210
1349
1241
886
770
672
581
342
-4
-300
-607
-1040
-1413
-1486
-1791
-1996
-1928
-1943
-2262
-2395
-2182
-2066
-1986
-1708
-1442
-1172
-610
-420
-612
-171
280
225
325
654
509
367
328
-495
-1438
-2068
-2823
-3833
-4296
-4612
-5121
-5407
-5558
-5432
-5511
-5485
-4955
-4525
-4242
-3974
-3400
-2506
-1938
-1130
69
1023
1770
2683
3652
4140
4319
4650
4722
4388
4150
3950
3394
2727
2630
2262
1465
1026
726
194
-485
-886
-1432
-2172
-2438
-2870
-3694
-3700
-3648
-3714
-3252
-2622
-1775
-908
-186
442
1152
1711
2030
2462
2795
2953
3327
3836
3876
3861
4030
3931
3721
3427
3246
2592
1757
1509
992
376
109
30
11
-148
-196
53
372
459
384
649
965
1026
1108
1513
1766
1665
1977
2549
2796
2679
2475
2282
2256
1821
943
518
361
-129
-615
-841
-1236
-1257
-1131
-1455
-1655
-1211
-955
-1243
-988
-569
-52
304
680
1337
1670
1971
2394
2759
3106
3267
3386
3555
3369
3564
3601
3245
2791
2372
1765
642
-283
-960
-1598
-2521
-3335
-3617
-4086
-4828
-4974
-4804
-4939
-4670
-4195
-4043
-3476
-2665
-2341
-2003
-981
-156
684
1801
2347
2893
3774
4231
4365
4485
4515
4167
3641
3228
2381
1534
796
48
-603
-1363
-2171
-2979
-3658
-4201
-4498
-5029
-5193
-5051
-5324
-5265
-4728
-4436
-4322
-3354
-2600
-2429
-1567
-635
-238
514
1452
1802
2237
3132
3345
3419
3766
3866
4145
3661
2904
2868
2583
1682
921
564
-312
-1471
-1882
-2103
-2599
-3100
-2965
-2897
-3137
-2926
-2813
-2695
-2666
-2310
-1855
-1878
-1681
-766
-144
-103
285
701
1556
1788
1825
2466
2622
2434
2417
2602
2089
1685
1945
1637
914
798
911
279
-489
-315
-558
-962
-645
-859
-1359
-962
-785
-1139
-715
-655
-267
445
435
1004
1749
1668
1684
2378
2385
2416
2938
2625
2104
1945
1362
374
58
-302
-1444
-2034
-2010
-2940
-3411
-3333
-3715
-3496
-3211
-3014
-2941
-2535
-1905
-1461
-736
-224
455
1441
1913
2658
3533
3884
3847
3901
4416
4120
3570
3711
3624
2903
2057
1793
1462
553
94
-465
-1678
-2443
-2692
-3259
-3773
-3814
-4207
-4401
-4088
-4037
-3720
-3023
-2805
-2410
-1371
-809
-649
81
1051
1332
1812
2610
2867
3005
3443
3661
3409
3450
3329
2768
2728
2340
1547
1486
1277
714
73
-271
-369
-1002
-1431
-1997
-2374
-1988
-1932
-2485
-2139
-1629
-1695
-561
-341
-438
-144
113
617
260
205
295
884
1224
764
1193
1220
830
704
395
148
-227
-166
339
-2
-396
47
256
329
-362
-422
82
-177
431
1156
996
816
1606
1772
911
847
1000
353
52
119
-508
-343
18
-295
-262
-87
-307
-1024
-1033
-1324
-2313
-2552
-2942
-3815
-4185
-4290
-4343
-4264
-4410
-4260
-3767
-3514
-3299
-3069
-2549
-1974
-1718
-1331
-1002
-811
-655
-285
364
999
1382
1973
2676
3106
3137
2910
3118
2949
2463
2145
1804
1370
754
566
-36
-1273
-1355
-1721
-2366
-2419
-3039
-2793
-2586
-3272
-2611
-1951
-2578
-2120
-1490
-1538
-1069
-242
116
735
1244
1467
2400
2988
3096
3266
3841
3478
3254
3174
2815
2378
1842
1828
1495
1064
975
960
42
-50
-19
-678
-417
-153
-1183
-1274
-107
-916
-1038
-54
-407
-727
71
503
271
939
1577
1424
1718
2010
1732
2330
2346
2029
2073
2012
2145
1454
1360
921
432
866
25
-525
-197
-488
-895
-740
-761
-1441
-1606
-1378
-1435
-1685
-1375
-300
246
501
1577
1865
1686
2961
3628
2631
2765
3839
3459
2979
3636
3461
2868
3363
3047
1878
1400
1076
248
-1120
-1366
-1345
-2661
-3070
-2886
-3429
-3687
-3491
-3929
-3903
-3606
-3420
-2516
-2259
-2049
-1035
-121
61
476
1605
1539
1677
2794
2266
2184
2889
2779
2678
2735
2728
2297
1959
1530
1032
375
-422
-682
-1657
-2362
-2382
-2874
-3124
-3523
-3942
-4231
-4306
-4277
-4192
-3442
-3662
-3517
-2081
-1951
-2050
-783
422
110
896
2418
2267
2857
4266
3978
3769
4620
4995
4398
3995
4129
3431
3024
2773
1755
946
977
436
-1054
-1491
-1444
-2347
-2756
-2393
-2822
-3231
-2790
-2464
-3149
-3162
-2547
-2992
-2715
-2120
-1941
-1851
-1318
-508
-412
439
847
466
864
1590
1315
1157
1591
952
799
1239
725
99
448
288
-467
-993
-714
-477
-1270
-1666
-1025
-899
-1587
-1297
-917
-1699
-1095
-449
-1240
-1233
-588
-154
-393
-2
828
1523
1739
1109
1445
1999
1302
1005
1637
1301
901
1743
1344
-82
402
626
-498
-888
-1322
-2018
-2167
-2343
-3008
-3274
-3151
-3421
-3805
-3516
-3184
-3105
-2727
-2530
-2387
-1553
-1215
-1512
-771
-136
312
675
1171
1795
1826
2007
2226
2199
1950
1939
1646
613
96
919
-156
-1158
-14
-672
-1695
-1043
-1005
-1727
-1530
-1210
-1609
-2042
-1380
-1011
-1450
-871
103
-196
-429
602
1413
900
1203
2178
1876
1386
1743
2196
2029
2044
2282
2716
2300
1717
2494
2686
1172
1393
1864
416
443
658
120
6
560
641
-166
17
467
-32
-196
-8
-338
-182
405
157
105
713
661
507
966
1172
843
1141
1180
1042
922
567
487
295
204
109
-309
-778
-149
-120
-1215
-1090
-711
-1420
-1679
-1013
-1306
-2048
-1644
-1126
-1458
-1660
-1296
-1042
-1202
-992
-133
-130
-444
292
936
660
677
1334
1326
704
1191
1893
1510
994
1162
1245
1245
1144
1028
1490
983
859
1005
265
-511
-635
-554
-1952
-2676
-1869
-2418
-2943
-2124
-2225
-2939
-1793
-1181
-1706
-889
-14
144
-111
943
996
476
1592
1266
1227
1648
1657
1902
1696
1637
2226
2175
1279
1646
1483
703
893
901
591
13
587
628
-110
217
580
579
105
623
1299
709
575
1533
1489
765
1482
1632
1319
1524
1422
1551
1844
1777
1718
2037
1989
1901
2025
1705
1101
972
1059
539
551
702
36
16
370
-36
70
361
-374
-419
-139
-334
-405
-239
-110
-421
-145
269
-298
-452
131
-108
-840
-192
192
2
322
-19
-121
-33
-669
-996
-491
-950
-1299
-541
-1033
-1388
-797
-1445
-2038
-1515
-1721
-2367
-1804
-1754
-2415
-1991
-1478
-2172
-2297
-1648
-2030
-2221
-1787
-1656
-1794
-1498
-1487
-1741
-1410
-1639
-1590
-790
-1113
-1154
-735
-1042
-846
-558
-652
-552
-79
314
-189
-767
-1085
-877
-242
-676
-1384
-1400
-984
-1936
-2258
-1790
-2222
-2077
-2045
-2184
-1932
-1033
-641
-1062
-1219
-1017
-1241
-1057
-1207
-1336
-921
-959
-712
-828
-185
-41
-774
-247
233
-702
-990
227
-426
-1093
167
67
-850
-90
535
-651
-513
436
-138
-225
274
138
301
938
871
988
1119
1045
1429
1029
1077
1713
1106
1164
1749
1378
1411
1646
1401
1204
1246
1278
1231
955
1264
1592
1202
1396
1680
1924
1976
2186
1557
1421
2011
1453
1549
1763
1638
1477
2097
1796
1188
1861
1489
931
1317
1647
1161
921
1211
535
632
872
455
844
929
681
790
1195
567
404
1109
517
369
1020
1261
1100
1333
1808
1435
1695
2211
2001
2281
2093
1568
1869
1989
1633
1830
1777
1252
1334
1020
307
111
-297
-741
-716
-757
-818
-813
-104
295
47
-210
-15
945
850
374
336
520
610
713
822
-247
-388
199
-546
-1126
-933
-782
-1171
-943
-820
-1595
-1710
-1497
-1961
-2514
-2259
-2361
-3098
-3025
-2798
-3062
-2823
-2603
-2792
-2870
-2722
-2461
-2297
-2085
-2060
-2127
-1941
-1595
-1690
-1944
-2013
-1526
-1352
-1791
-1275
-703
-1085
-1203
-533
-405
-708
-299
-46
-936
-1074
-533
-687
-726
-532
-540
-384
-356
-138
226
-337
-360
-107
-323
-479
-596
-607
-431
-266
-443
-501
-7
-90
-275
-177
-438
-195
-116
8
169
-224
-166
328
115
319
969
747
471
937
1440
1082
1047
1384
815
371
956
673
106
661
710
442
816
990
665
825
1382
1305
1285
1700
1556
1307
1142
850
806
725
509
429
253
263
319
479
461
21
167
506
520
574
1031
1021
848
949
780
650
450
467
1003
708
744
1903
1978
1748
2456
2599
2420
3092
3530
3004
3107
3374
2156
1728
2172
2008
1400
1643
1880
911
620
255
-1068
-1610
-1208
-1474
-1959
-2051
-2121
-1692
-1394
-1554
-1819
-1697
-864
-541
-1133
-1128
-428
-398
-901
-1020
-549
-384
-162
-80
-449
-384
-50
-360
-892
-1129
-1119
-989
-1346
-1615
-1532
-1526
-1811
-1941
-2106
-2151
-2112
-2121
-1839
-1897
-1951
-2059
-2070
-1816
-1807
-1498
-1067
-1119
-1142
-984
-806
-948
-1087
-1030
-1097
-1069
-1112
-923
-764
-348
-329
-1086
-775
-462
-751
-855
-795
-835
-895
-602
-684
-968
-750
-292
-683
-1139
-605
-748
-621
-319
-721
-641
-391
-167
-341
-318
5
191
528
794
618
516
794
780
882
1002
795
735
869
872
656
647
890
981
958
929
1018
1090
1036
1300
1108
1013
1306
1068
529
614
1344
1491
1227
1282
1421
1407
1224
799
684
1124
1468
1424
1367
1568
1844
2359
2425
2235
2735
3175
3372
3582
3725
3585
3198
2847
2720
2261
1508
1269
1064
1268
1314
970
687
353
131
21
-369
-943
-1086
-1082
-1320
-1670
-1726
-1806
-1930
-1510
-1305
-1472
-1090
-853
-625
-562
-971
-799
-491
-788
-1122
-933
-951
-838
-797
-1001
-1078
-1321
-883
-679
-768
-703
-808
-939
-920
-901
-1358
-1500
-1510
-1623
-1631
-1772
-1839
-1493
-1155
-1159
-1167
-840
-898
-740
-414
-597
-733
-642
-240
-528
-764
-479
-157
-80
-282
-138
213
508
444
309
577
769
592
356
344
412
285
205
468
722
537
735
1078
1027
946
652
462
416
592
395
100
291
186
70
74
3
-135
-63
114
62
-198
-229
-142
-470
-507
-391
-620
-501
-524
-381
25
-100
-351
-299
-122
-70
-112
-224
83
353
479
542
716
1018
1281
1173
918
951
865
541
207
-27
19
246
393
557
582
775
991
969
745
912
893
650
1048
1092
1045
1290
1566
1642
1440
1031
699
916
865
282
-83
167
372
404
370
275
307
401
213
-244
-63
80
-65
-40
-186
-509
-767
-783
-539
-589
-865
-1098
-967
-697
-676
-976
-1367
-1191
-980
-870
-1234
-1379
-962
-482
-201
-257
-152
96
540
468
208
135
168
91
-257
-386
-659
-655
-234
-271
-655
-597
-377
-441
-648
-1042
-1068
-759
-537
-510
-738
-766
-546
-719
-996
-1099
-836
-567
-593
-628
-636
-436
-574
-593
-517
-886
-661
-574
-661
-623
-706
-825
-971
-834
-961
-923
-704
-857
-855
-1057
-1167
-858
-663
-757
-867
-319
-25
-266
-186
-205
-129
-96
-256
-156
167
127
17
430
256
152
180
-141
153
116
-265
-275
-201
55
3
-304
-403
-103
-94
-193
-37
-224
155
436
255
455
614
890
1187
1303
1487
1518
1613
2025
2145
1962
1574
1387
1744
2078
1766
1317
952
845
1038
820
196
-72
395
290
-220
-513
-584
-381
-565
-845
-923
-457
-168
-292
-122
143
501
470
348
330
473
668
610
505
539
792
395
64
303
239
152
-88
-299
-252
-441
-264
29
8
-49
-293
-396
-406
-571
-655
-611
-480
-586
-500
-362
-390
-347
-386
-529
-409
-307
-526
-533
-332
47
184
103
115
187
67
31
287
368
307
446
587
635
839
818
766
922
1077
1134
992
1023
1232
1500
1409
890
936
1510
1452
1305
1353
1590
1728
1415
1180
832
573
529
650
129
-149
74
314
480
267
182
158
249
232
206
-20
-6
94
-350
-497
-315
-167
-201
-273
-134
-147
-330
-236
-243
-316
8
-237
-649
-765
-752
-873
-1171
-965
-813
-772
-552
-427
-107
251
373
102
-226
-291
-322
-291
-644
-851
-525
-560
-713
-394
56
-15
-400
-713
-964
-1057
-1687
-2305
-2220
-1739
-1564
-1925
-2034
-1785
-1369
-1398
-1557
-1692
-1479
-1112
-1325
-1573
-1363
-964
-1018
-1024
-870
-781
-501
-124
-314
-472
-230
-102
-203
-292
-116
-75
90
118
320
305
59
329
582
644
514
454
605
616
668
917
1085
916
900
1079
953
750
438
182
19
74
-85
-289
-155
52
58
-50
74
191
248
48
186
366
221
241
676
911
944
1000
673
736
1087
1231
984
1129
1453
1431
1329
968
722
376
253
138
58
-29
-139
142
286
244
157
258
349
94
-201
-188
-268
-330
-238
60
83
-32
175
160
118
20
-55
7
19
-263
-342
-204
-108
-88
-442
-772
-527
-381
-790
-818
-813
-711
-135
409
435
285
326
538
1272
1493
1252
1419
2371
2767
2431
2417
2319
2252
1825
1140
751
853
907
687
383
147
10
-39
-215
-748
-1045
-1040
-1056
-1343
-1527
-1517
-1230
-1291
-1301
-827
-663
-269
-181
-406
-694
-522
-310
-497
-518
-502
-441
-490
-472
-618
-645
-690
-767
-867
-1105
-775
-712
-884
-872
-716
-367
-310
-438
-578
-384
-109
55
167
159
400
548
364
318
375
122
-64
-37
-203
-204
-156
-138
-192
-455
-514
-470
-482
-278
-244
-310
4
-27
-309
-336
-146
-170
-454
-521
-290
-25
111
139
130
111
136
58
-136
-34
-175
-332
-182
-196
-395
-562
-582
-613
-618
-799
-869
-523
-362
-566
-736
-591
-241
49
29
113
241
439
800
787
719
717
979
1229
1132
968
946
935
858
891
824
623
453
442
519
605
257
93
540
910
883
934
1229
1725
2431
2307
2099
2111
2179
1834
1136
744
707
873
605
614
532
326
747
531
-343
-562
-718
-830
-1144
-1543
-1061
-732
-1053
-1532
-1661
-1453
-1295
-1372
-1571
-1514
-1203
-921
-952
-1129
-1134
-981
-595
-569
-1020
-965
-637
-757
-1014
-971
-733
-389
-112
-328
-424
-138
-51
-22
-131
-369
-250
-295
-603
-595
-464
-565
-497
-455
-654
-446
-236
-129
-91
-32
-160
-161
-2
-382
-571
-281
-82
-165
-38
213
458
430
466
812
889
609
448
841
1097
959
776
958
1126
963
585
466
846
736
398
331
365
552
582
448
314
379
408
349
432
311
428
342
98
159
351
356
190
44
-149
173
280
-133
-199
207
195
-159
-217
-64
-101
-143
-143
-461
-385
-619
-855
-692
-488
-475
-974
-1350
-1152
-671
-917
-1206
-914
-560
-431
-655
-555
189
574
538
496
693
1060
817
497
179
466
852
569
352
172
367
811
680
71
84
316
-2
-503
-658
-254
-107
-515
-740
-874
-719
-538
-683
-727
-845
-758
-514
-522
-699
-292
-56
-218
-67
212
302
177
81
236
474
323
142
302
459
371
464
442
378
396
498
435
265
306
308
492
420
315
343
430
592
516
486
523
517
409
401
127
-69
-191
-126
1
-15
133
373
434
160
182
74
230
388
-55
-288
113
392
61
174
530
625
644
535
234
301
547
264
-60
-203
-173
-152
-76
192
-6
-146
-168
-243
-69
-62
-235
-314
-268
-68
-149
-434
-400
-249
-211
-265
-284
-231
-192
-190
-204
-158
-142
-79
1
-156
-217
-122
-95
49
207
40
-14
4
-15
8
-92
-122
-181
-446
-160
-118
-472
-441
-285
54
539
623
701
1203
1440
1452
1383
1116
1130
1599
1604
1335
1191
1070
1063
1142
770
12
-370
-156
-330
-1043
-1355
-1136
-1057
-1439
-1783
-1791
-1509
-1346
-1408
-1530
-1487
-1214
-861
-882
-1228
-928
-357
-518
-782
-816
-765
-574
-630
-747
-463
-323
-353
-362
-180
-74
-398
-749
-917
-904
-1043
-852
-618
-730
-738
-629
-510
-532
-409
-254
-162
-153
-196
-232
-122
6
-212
-53
133
140
-19
-208
34
316
136
-164
-22
164
407
378
178
348
453
397
440
550
785
932
1082
1091
1056
1104
883
797
773
843
763
773
814
832
1103
1121
925
760
836
846
931
636
604
1015
987
984
990
869
647
713
835
792
602
712
1025
849
476
292
364
242
-174
-464
-534
-312
-250
-385
-560
-488
-261
-316
-292
-295
-422
-495
-593
-440
-443
-757
-900
-689
-475
-349
-45
215
320
503
794
865
611
439
556
666
680
234
-32
153
-65
-396
-790
-902
-591
-848
-1444
-1210
-390
-348
-1139
-1370
-1213
-1109
-1130
-1740
-1772
-1166
-1100
-1203
-1151
-1011
-713
-449
-550
-772
-931
-840
-541
-870
-999
-779
-634
-497
-464
-337
-243
-101
-171
-131
46
109
67
60
145
214
204
-95
110
283
250
162
-123
153
600
594
288
237
467
624
572
350
217
418
526
313
175
-1
99
295
72
34
196
-57
60
269
197
124
-154
-119
2
-140
-440
-294
-48
41
-22
-352
-124
303
155
-55
79
402
543
360
118
128
91
17
-85
-273
-62
112
65
58
141
186
333
390
386
365
359
327
161
157
271
492
564
510
500
649
974
968
648
567
650
612
532
641
589
412
331
465
583
592
692
909
1444
1608
1693
1906
1807
1837
1587
1607
2103
2374
2313
2104
1970
1915
1701
1215
921
993
834
362
251
248
-132
-635
-649
-760
-941
-896
-760
-511
-424
-374
-417
-279
-460
-681
-316
-161
-140
-54
-75
5
141
-250
-828
-993
-651
-624
-954
-1099
-825
-834
-1135
-1123
-1339
-1340
-1305
-1298
-1038
-854
-877
-885
-733
-597
-666
-770
-622
-527
-569
-574
-686
-656
-456
-628
-772
-688
-749
-833
-783
-590
-592
-791
-602
-577
-793
-930
-861
-827
-859
-536
-650
-755
-732
-460
-309
-667
-654
-801
-549
-211
-267
-210
-117
-48
65
53
-299
-400
-83
248
295
181
221
386
352
144
-22
-76
-121
35
70
-97
77
390
350
300
289
-26
169
592
741
515
652
1151
955
502
331
363
369
175
-127
-146
-33
110
176
-48
-46
36
-118
-332
-300
-225
-144
122
-219
-480
-140
28
63
22
226
808
904
741
819
994
893
604
387
323
561
43
-716
-1043
-794
-644
-1383
-1613
-1329
-1213
-1358
-1583
-1660
-1474
-1178
-1305
-1281
-1017
-652
-462
-775
-971
-551
-106
-222
-199
2
309
494
421
399
288
345
388
496
637
697
781
847
979
653
376
385
542
387
66
-32
349
797
481
149
95
639
1047
525
71
349
949
1201
818
495
725
1036
952
508
389
610
621
737
969
1141
1177
755
726
1080
1154
938
503
493
937
1276
787
-9
211
499
378
283
85
192
372
232
219
295
90
-29
36
-142
-208
-14
193
193
-43
-170
-132
-60
-525
-579
9
-194
-443
-461
-366
-195
-275
-429
-617
-590
-581
-634
-590
-596
-917
-1345
-1451
-1345
-1061
-1097
-1237
-807
-389
-395
-493
-341
-76
76
138
197
336
662
822
642
684
1248
1516
1532
1493
1422
1804
1856
1468
1132
1215
1601
1410
674
105
153
24
-523
-628
-403
-306
-369
-430
-519
-402
-376
-704
-964
-739
-423
-507
-607
-443
-435
-637
-501
-534
-334
-57
49
230
172
294
155
179
391
274
-9
-139
-46
-106
60
260
212
198
485
476
467
464
109
-63
41
78
-336
-171
172
87
55
-108
-137
66
-93
-396
-460
-196
98
-366
-681
-510
-315
-649
-1044
-810
-789
-731
-972
-1003
-547
-568
-838
-1144
-1106
-949
-878
-903
-1115
-895
-387
-391
-547
-557
-399
-183
-94
4
-65
131
222
-35
262
89
-285
-16
172
-91
-354
76
200
-68
-124
215
214
55
394
433
-85
-51
449
98
-326
-57
111
-447
-484
-122
-414
-313
237
-333
-494
103
-267
-288
-8
64
-167
-161
40
-8
-119
19
189
-36
322
756
1060
1140
1668
2201
1807
1775
1644
1114
1020
662
140
285
404
-42
-300
108
287
-311
-781
-814
-983
-1061
-1318
-1430
-1014
-1031
-1069
-723
-689
-634
-834
-911
-244
126
72
-171
-227
113
67
-45
-167
-519
-585
-242
-444
-773
-329
15
46
101
189
-346
-153
648
421
-35
43
264
419
517
246
27
600
660
170
297
119
-126
377
301
48
244
14
347
431
109
135
109
-5
234
448
31
304
777
686
455
361
605
663
556
441
517
795
974
970
1006
1032
1162
1235
1065
925
835
1087
1060
532
521
779
367
35
-192
9
267
-66
-112
-341
-372
53
-575
-764
-340
-1132
-987
-445
-1335
-1311
-459
-768
-1286
-1043
-777
-1082
-981
-613
-979
-1096
-490
-546
-1230
-732
-564
-1092
-637
-551
-1105
-1173
-1148
-1610
-1320
-843
-930
-620
-324
-60
593
629
195
64
307
389
-249
52
979
1144
756
374
696
784
442
423
-117
-611
-108
-83
-725
-307
-97
-385
-662
-488
-36
-554
-451
205
-427
-432
538
-25
-90
802
603
367
926
1022
910
1178
1019
1472
1646
804
611
621
574
544
260
329
508
105
35
328
364
460
593
320
421
1008
522
216
865
678
106
533
705
416
848
707
536
918
801
734
872
543
733
966
330
194
595
392
-467
-565
-218
-305
-726
-484
71
-362
-1005
-545
-159
-745
-566
-428
-577
-547
-115
354
-243
-224
184
119
217
349
226
51
131
132
269
202
-223
-216
171
192
-378
-424
52
-102
-63
207
24
99
162
37
-65
-186
-90
-411
-731
-512
-362
-677
-291
-78
-641
-309
85
-246
-225
227
-360
-422
880
901
156
540
938
584
777
943
422
941
1627
1071
673
533
327
838
758
136
464
852
439
544
1467
626
-929
-530
-95
-967
-1893
-2186
-1326
-957
-1439
-1256
-1102
-963
-371
-292
-1135
-1309
-628
-753
-999
-673
-327
-184
-417
-156
114
-144
-705
-1116
-901
-663
-1073
-1480
-1111
-1209
-1339
-760
-412
-887
-1267
-983
-554
-1384
-1618
-733
-957
-1245
-914
-491
-968
-273
-77
-855
-951
-497
-347
-1485
-973
-118
-615
-1029
-120
60
-602
-99
25
-87
60
258
342
-12
338
709
251
311
353
675
1027
529
461
931
753
568
832
456
276
644
772
860
598
701
1570
1001
-141
562
932
425
595
388
105
500
612
65
185
614
567
696
902
918
555
988
1161
590
771
1080
475
248
680
-118
119
790
33
-442
576
652
-452
664
828
-162
-83
94
-315
-391
52
-175
-272
-389
50
450
-121
672
1441
397
261
1586
1759
386
570
1228
330
-206
184
398
213
-72
-81
-283
-545
-255
-622
-849
-1055
-1111
-693
-1001
-1435
-1096
-769
-1299
-1201
-668
-489
-374
-490
-523
11
502
227
-305
283
1097
173
-165
427
108
-121
-36
-75
83
-50
-3
629
89
-114
559
-60
-111
639
276
-472
148
456
-196
235
428
-178
176
609
268
369
737
560
276
629
506
17
102
363
59
-193
32
156
228
-269
-91
511
283
241
-20
-110
424
275
-191
317
526
-164
252
366
-176
237
480
100
51
72
-254
-379
-480
-250
-366
-579
-363
-302
-573
-256
-498
-748
210
-321
-866
-781
-559
-434
-932
-679
-120
-156
-341
-112
-252
-526
-416
-581
-711
-456
-39
-415
-783
-28
-214
-675
-31
-14
-738
-213
505
-277
35
297
-432
283
1321
879
-97
-126
601
800
463
325
1022
1873
975
420
1323
1882
1312
611
550
417
619
701
-198
-486
-18
-232
-593
-676
-357
-20
-512
-867
-316
-691
-954
-714
-1182
-865
-333
-750
-720
109
508
76
233
512
301
369
100
-108
125
283
-98
35
392
-45
-240
-104
82
-338
-597
229
-90
-690
-92
29
-772
-735
56
-110
-435
-188
109
-150
-304
-158
6
41
-363
-651
-607
-128
-96
-533
-579
-217
-33
-182
213
10
-288
259
166
-261
-320
-454
-343
-395
-435
47
-159
-901
-336
335
-422
-611
-176
348
-164
-727
346
-151
-701
553
216
-278
454
604
-216
-74
659
476
283
304
485
189
486
690
131
192
416
213
-72
314
221
-17
368
-277
-777
209
668
-562
-606
371
218
320
642
0
-3
1238
874
-763
-261
686
520
890
211
350
1751
1622
1428
1050
292
1035
1932
1050
-27
785
2146
1739
976
687
814
1123
544
102
-207
-239
176
-493
-1311
-1568
-1429
-694
-1218
-1688
-428
-175
-878
-380
-6
-239
-204
49
-24
-16
90
268
656
330
98
360
363
-449
-58
475
-406
-585
-383
-30
-214
-386
-11
-58
-350
-50
215
-479
92
674
-317
-49
1100
348
174
938
407
569
542
242
221
237
160
512
667
-18
542
799
-83
-81
241
-129
-95
54
-262
-824
-920
-626
-874
-1135
-864
-501
-1149
-1101
-277
-886
-646
-331
-592
-377
-293
-430
-623
-162
-706
-1057
-956
-1124
-817
-634
-1223
-1792
-1089
-1334
-1226
-713
-1496
-1121
-269
-1187
-1509
-284
-1022
-1708
-466
-441
-1482
-1289
-478
-755
-971
-567
-682
-922
-435
-622
-1121
-851
-626
-656
-904
-740
-234
-221
-471
-319
358
926
937
597
933
1645
1536
1581
1277
775
1292
1489
594
433
1395
1408
515
422
961
860
896
540
123
501
1141
961
-397
-157
407
333
311
405
488
270
798
825
629
722
875
696
576
1371
1056
394
1000
1431
941
635
1190
1472
1077
888
941
756
787
719
507
762
651
432
826
907
739
702
905
962
590
584
631
233
178
425
278
176
425
222
-158
160
11
-143
322
-44
-245
130
-176
-35
143
-293
112
113
-359
-137
-125
-33
463
223
-15
589
715
236
113
103
25
112
-272
-393
-153
-477
-227
-293
-930
-951
-661
-908
-738
-495
-1004
-1406
-1208
-976
-1100
-895
-1561
-1720
-996
-810
-1243
-1468
-960
-946
-1084
-815
-516
-591
-286
-150
-872
-948
-117
-304
-782
-529
-208
-206
-632
-897
-1388
-1429
-953
-491
-664
-867
-705
-730
-123
269
-62
-229
19
337
255
-66
-67
190
98
253
586
369
463
485
200
449
564
-65
-247
-28
-310
-272
-630
-1014
-717
-807
-938
-722
-763
-693
66
-61
-509
-107
167
180
143
59
316
530
306
-128
-171
153
154
-55
-205
80
116
106
672
182
-208
271
220
14
17
-24
127
670
578
593
822
940
957
979
1213
1235
1110
909
1033
764
667
760
725
638
460
444
631
543
477
803
578
567
590
813
744
846
1237
915
925
832
510
563
1051
834
503
743
769
673
621
503
482
725
344
155
541
569
261
188
50
-153
15
10
-106
-23
148
-303
-394
43
-357
-731
-504
-477
-688
-682
-879
-830
-389
-474
-667
-756
-737
-873
-1047
-649
-762
-987
-1205
-1219
-609
-313
-571
-765
-517
-377
-334
-903
-1435
-1167
-484
-411
-939
-408
302
425
149
313
581
841
