11147
11064
8545
11039
14934
15602
16309
14650
17826
16326
18172
18382
16292
17399
10499
4584
3640
805
1162
3352
193
-1744
-5027
-7217
-1408
192
-284
-2083
-3306
1762
2049
-1239
-210
6189
4262
4909
8052
4905
4192
3416
7163
8162
5034
2337
-869
-356
-98
300
-2397
-4401
-2981
-5118
-5135
-8395
-8686
-6652
-9316
-7639
-9859
-14343
-15437
-15885
-15591
-20391
-21740
-17688
-13051
-12907
-8969
-4140
-3205
-723
-6132
-2462
6196
6482
7461
4987
3797
9938
10411
8188
8431
7074
7954
10750
8306
7191
5560
6742
8058
4542
1590
2393
2584
-2348
-3362
-7265
-7893
-8187
-10486
-12476
-15483
-14179
-14270
-13733
-11495
-12581
-13431
-11486
-7755
-7331
-6935
-6266
-5016
-1681
-655
792
-1082
1157
1741
1727
5307
3401
2905
1514
774
577
-206
1013
-368
-3567
-1993
-2260
-5394
-5821
-7006
-7155
-7250
-8897
-9356
-9052
-8449
-9440
-7530
-6694
-6832
-2502
-1733
899
-568
621
5147
6990
7480
7596
9294
11625
13233
12489
14297
13044
15161
13264
13018
12975
14561
19590
15905
15637
12306
9122
9178
7339
6831
5935
745
-254
-5660
-13168
-8765
-13135
-15075
-15307
-13826
-7210
-6205
-5622
-6486
-3426
-1
1673
6172
6650
9061
16203
14040
12952
16434
19513
20471
16345
15050
18366
18736
17959
13234
14204
13894
8998
9224
5536
2968
3598
3193
-2386
-6209
-9174
-8604
-8583
-15050
-15820
-15507
-12249
-6738
-11556
-11696
-3953
-1856
511
-970
-2138
-1204
3250
6164
7414
7763
6255
11940
11293
6238
5693
10799
13405
11664
5442
6434
12481
10235
8289
-635
-513
3303
2687
3593
-3173
-5776
-5665
-6034
-6853
-7573
-9670
-12753
-13253
-11179
-10956
-13851
-12135
-12840
-10807
-11480
-13426
-9369
-9232
-8263
-5010
-5256
-6473
-4847
125
1740
-1086
778
2450
1900
1519
66
-2650
-1560
-746
-3440
-1530
-2210
-5543
-7950
-7646
-7938
-9968
-7755
-9094
-12536
-13336
-13125
-11698
-9336
-12673
-11766
-5336
-2383
-2411
-4845
-2396
3164
4568
6190
4564
2778
7663
12717
10018
7439
7361
7929
9737
10017
12778
13689
13264
5728
5338
4275
5075
11275
5686
5606
1742
-963
-420
-6684
-643
-5002
-8288
-4247
-6929
-3482
-10215
-11241
-6953
-4321
-7261
-8136
-5969
-5500
-1181
-2594
-4218
-2332
293
2346
4878
8468
9692
12635
11497
11734
14903
13542
14084
9895
6607
6482
7091
3318
29
-5000
-6497
-8437
-13308
-11656
-11811
-11708
-6800
-7386
-3747
-17
-4458
-4894
187
6728
5931
7347
5489
10155
14254
13517
13455
10076
15041
11333
13746
15518
14060
17817
17054
16318
10664
11722
13060
11520
11942
5468
1343
1387
1399
-574
-4173
-2747
-4452
-5976
-7847
-8913
-9248
-11292
-12498
-15131
-16819
-15701
-13717
-14245
-13862
-14782
-15061
-13093
-12834
-13505
-12797
-11816
-9906
-6748
-6009
-6664
-8235
-5802
-1850
-3119
-3586
-1365
-1704
-2391
-1658
-2610
-1093
-1905
-1753
-3916
-3757
-2440
-4598
-5103
-6798
-9646
-11366
-11802
-11602
-11718
-13276
-13582
-12591
-7378
-6256
-6825
-2614
-1735
-1052
-1082
1531
8223
5356
1717
6241
8796
10291
11397
10078
10263
8811
7082
7399
7250
6940
6844
8826
9762
7639
9694
9376
7836
6039
5187
7331
5863
4300
317
-999
-2908
-3967
-2211
-3906
-4972
-5265
-6366
-6588
-4243
-2194
-2884
-3500
-3117
-3967
-1408
669
3687
2579
813
3662
4498
5841
5474
7883
8902
12008
8841
2528
1551
1815
-1298
-3887
921
-2167
-386
1426
558
-1644
-36
2979
-1046
-2777
-3540
2220
5212
1791
-136
-1389
2167
3158
-112
2241
1948
3382
7671
493
2852
2384
881
8969
2675
-387
202
4692
4853
2658
3620
4706
7496
6093
6171
8697
12797
11754
9468
11379
10111
11099
12248
5448
3293
5672
3729
1280
-1746
-3722
-3279
-2957
-6342
-5138
-6202
-10501
-7915
-5806
-7923
-9220
-7599
-8648
-5993
-5556
-4893
-5586
-4243
-398
-2880
-2170
581
2607
3534
3721
2789
3122
3083
1170
2505
399
-1542
-1035
-3990
-3213
-4355
-5699
-5703
-7436
-7712
-7384
-6479
-7005
-4675
-5241
-4561
-2431
-4451
-4562
-1921
2829
1457
927
909
3794
5212
4268
4804
4507
6665
5744
4977
2566
5476
3493
-197
2445
3507
6885
4796
1815
2501
742
189
-452
-1565
-906
-3100
-5546
-5036
-9074
-9701
-9242
-9674
-7087
-10057
-9562
-9366
-10314
-6272
-6981
-6499
-6522
-4374
616
-2539
-1264
973
2932
1534
-658
-2200
-4085
-1703
2621
-2016
-6691
-397
4850
9094
8629
7176
2503
4873
15335
9290
8726
6902
5373
12990
9257
5387
7742
6243
3316
3418
798
47
-1604
-1666
-2472
-2006
-1348
-4855
-276
2959
-930
2444
867
1031
3256
2306
2525
4633
4141
-1090
1634
2402
3244
3532
3140
3860
3519
755
-2308
-1600
278
-2430
-4917
-6839
-7900
-9432
-13063
-13825
-14845
-14795
-14615
-15913
-15892
-15624
-14332
-9237
-10320
-9936
-6797
-2168
-542
-1958
-490
3175
4479
8235
10854
6338
6913
9509
9925
10318
11896
12484
10095
7990
7349
8877
8891
9115
7755
6639
6445
6260
7349
2613
4021
4953
2559
142
-589
3124
5479
2225
805
-1293
-5337
-790
1749
-86
-388
-375
2131
-19
-1204
243
-5798
-2087
2816
2893
5036
2915
3070
2632
-2736
-2047
135
-1671
-3113
-2545
-3981
-7034
-6899
-8920
-11415
-9231
-8821
-11546
-9690
-10702
-12990
-11279
-11702
-12312
-12340
-9200
-9127
-9037
-7197
-8003
-8927
-9012
-12233
-12002
-8073
-11854
-15187
-15920
-9831
-7799
-8345
-3041
-7837
-5987
306
2684
3949
2474
3269
9568
12380
9025
10140
6299
10064
13890
12136
10811
8336
11159
11411
9829
9518
9459
5714
5530
7214
4861
2754
1952
3351
4181
4745
3853
2288
5173
7450
6396
2600
5655
6118
3979
4969
3554
1572
-549
1473
-1092
1461
-1563
-4484
-1133
-2692
-3581
-4333
-4164
-5424
-3199
-4791
-5706
-1242
-3207
-4228
-5041
-1386
2891
1088
2913
2362
1503
4358
6549
4852
3722
4535
2831
3950
7587
6093
2979
3380
3210
3723
3355
3013
-664
-5585
2397
1741
-1387
766
-421
2484
3608
6731
8164
6924
5994
3629
9296
11730
12948
13345
8265
10943
13855
12659
7407
10653
13664
13311
13391
9254
8628
10612
15930
13688
7746
5509
7110
7745
5892
5503
3547
3690
1586
643
22
-4217
-7394
-9189
-7148
-7051
-10906
-13435
-11101
-8951
-11118
-12511
-11902
-11970
-10600
-9040
-11204
-10832
-9134
-5764
-7319
-8330
-11672
-14116
-11502
-11009
-15111
-17347
-16178
-19713
-9265
-5487
-5530
-9634
-9837
-607
-143
-1215
-5494
-3374
-854
-4752
-4409
-25
-1482
-39
-1493
-3665
-2373
4662
4346
469
3569
3394
5959
2891
1639
2537
2960
1409
224
3103
211
688
-2874
-3934
547
-125
785
-66
3757
2445
571
3109
1433
981
1910
2379
5736
4246
743
986
-335
2707
989
-89
-905
-614
-3067
-5836
-3467
-3598
-1783
-6065
-6900
-4205
-3181
-3801
-4127
-1697
-1998
1098
-427
-798
421
-1345
781
20
1253
1396
183
1683
1058
852
-1287
-290
3336
630
1051
2267
152
2055
388
-1205
2098
5189
3900
2085
6178
4017
1831
944
3043
5461
4002
-979
-2403
1891
4432
4513
17
-844
-3802
1604
4816
6550
1449
-2544
20
-2689
-1420
-3360
-1532
-4684
-3775
2278
5829
4312
6248
4651
1035
743
2267
5200
1829
4368
6312
4644
2752
4669
6690
5970
3624
3743
4043
3411
1695
641
-495
-4454
-7006
-6321
-6803
-8055
-13182
-17868
-13374
-5766
-249
-1683
-10200
-9073
-1255
-1429
400
-79
228
1567
-722
267
312
3769
4709
2568
4815
2967
2987
3070
4552
1621
-979
4731
3290
-457
-2982
-4163
-4893
-6425
-5209
-1260
-1929
-4323
-2089
1585
1560
-2343
-2933
-1107
-1342
-210
1811
1573
-698
-2501
-1940
-2215
-4749
-3391
-650
-1073
-4636
-2581
-1460
-2980
-648
-2686
-2500
582
-160
-105
-851
-2577
-1633
-2228
577
-247
-4643
-2162
-3443
-2859
-1667
-2007
-403
-3468
267
-436
-1971
239
-2039
195
-793
825
1263
1712
3507
2066
6830
5039
4979
6454
3072
3047
747
6938
7519
779
643
1192
8183
5796
3303
6526
1356
3172
5618
2374
-1895
-561
461
3419
3833
-2496
2454
1206
-2760
-758
318
2213
-247
-1710
120
3001
-228
-3096
716
3323
6942
3022
248
238
1227
2564
3217
3440
4677
4809
1526
3548
4818
6076
4641
2791
2200
3367
3954
-656
-2204
-2897
-4424
-6082
-9099
-13235
-14725
-19687
-18369
-8191
-4652
2775
-1252
-7638
-4269
5069
12943
10879
8954
9282
16842
19502
15572
14976
15149
15023
11799
14085
14258
12283
12418
6482
4426
3696
5681
5000
1854
-896
-5657
-2159
-2574
-3881
-6439
-12539
-7185
-5838
-5822
-4042
-8519
-8287
-3034
-1306
-1692
-1043
-2033
1363
2506
1079
3364
694
-1066
2480
-691
-4649
-4121
-4544
-1074
-3285
-5230
-2611
-5315
-2731
-3659
-5438
-8372
-7196
-104
-3808
-4569
-4885
-4872
-2536
-2828
-2165
-3478
-2786
-1438
-3122
-6046
-2154
-1724
-460
-329
-3655
63
-1065
-544
16
-2095
133
2147
1146
-243
-1882
-2967
-1445
-335
-2942
-3864
-4444
-2098
-4013
-2585
1097
-7443
-3305
-1424
-5677
-5896
-4065
1592
-1998
-2780
-1340
-1067
-2705
-1461
3566
-324
-3602
-285
4338
4332
834
-1756
2328
3767
575
179
1978
1509
-168
3599
1670
932
204
-3088
617
-20
-481
257
-568
-207
-1511
-2131
-1021
-2729
-4545
-3276
-8845
-7966
-5970
-13736
-10409
-13375
-10664
-3601
-4965
-2574
-9988
-2552
1722
-1839
452
4266
9371
5814
6265
8721
11500
14343
8205
6875
11298
10353
7988
6853
8366
8209
4438
-1453
-987
-243
-2261
-4718
-8307
-12297
-10542
-8925
-6333
-5611
-4043
-1701
-3204
1840
-78
-815
-778
304
6982
4850
4099
2603
3227
9588
3897
-732
1812
5902
5436
5276
4714
6037
9232
8434
10647
7529
3582
7166
9409
3342
4034
3392
1869
1532
-3764
210
2096
-780
-2432
-3559
-2098
-3148
-2901
-1749
-2568
-3459
-8320
-4131
-667
-3477
-2617
-5499
219
-268
-2872
1085
1329
1556
1635
-210
1018
5022
2031
3658
2815
3319
8890
1874
3322
7133
3820
4762
-1676
-1314
-884
-263
2494
-4367
-2913
2047
632
-3050
-5988
-4132
-1682
-238
-455
-6572
-4699
-770
-3772
-4338
-5035
-2899
-307
-4746
-7713
-6987
-3939
-3470
-5558
-4503
-5216
-2338
-1322
-2218
-132
-481
361
483
619
826
2873
4498
-28
-2471
-2760
-2754
-4120
-8219
-7234
-6797
-11045
-9299
-1138
5242
-730
-8677
-2896
948
4571
5359
1677
6823
2991
2351
7601
8020
8086
8847
10188
7000
8093
12116
6926
5236
6882
6353
7775
3306
1151
574
1069
2335
-1461
-3628
-127
1476
1314
1756
-563
2063
3009
-577
1448
-479
-374
3301
1864
563
-1176
-1638
-561
-1503
-3400
-835
-2353
-3898
-3242
-6269
-5359
-7221
-6883
-5704
-7597
-8624
-7369
-7314
-4413
478
3759
5461
4781
5095
5347
9081
8762
8089
8156
8967
8506
7438
6701
5331
3523
5582
6026
2523
3277
-1814
-642
3730
744
-1631
554
2169
6002
5419
5480
7396
2495
4923
4107
3201
4474
3773
9058
6690
276
-429
-918
-37
2223
-254
-2451
-2185
-3065
-4088
-5102
-2166
-194
-1261
-3197
-3831
-2393
-2431
-3912
-3439
-2333
-4485
-7457
-5602
-1618
-2015
-4651
-6338
-3920
-3945
-6763
-3047
-578
-3024
-2968
-2188
-2799
246
1387
1197
287
-2913
-2377
-4723
-3814
-3158
-9108
-11872
-10115
-13951
-17620
-14290
-14339
-11853
-7652
-2787
-1194
-9226
-7001
-2848
-2196
-1066
-1075
4655
5658
2853
2948
511
2348
2916
3259
4169
463
4432
5152
409
-340
-230
180
-880
-3027
-2490
-3828
-4153
-2954
-3141
-4378
-4710
-3928
-5152
-4516
-1779
-1564
-3405
369
-749
252
1315
-546
3251
382
838
1570
-554
-621
-57
974
-1665
-2413
-2489
-243
2168
172
-1370
-3003
-229
1381
-3414
-5159
-3973
-1369
-546
-1653
-1616
-1196
768
2147
417
2092
986
2978
4736
4932
7810
4533
5103
4392
6842
5908
2217
3198
3663
5749
5039
3542
1836
1052
3460
3563
692
-285
-1923
-1493
1467
4565
7752
8477
5638
8893
12022
8556
7068
9668
9468
9954
13097
12107
10773
7541
5810
8121
7862
12372
12629
7445
7613
8084
6595
1973
4509
5036
1922
3734
-1849
-4217
-1507
-2451
-2152
-5008
-9512
-6153
-3635
-4445
-3776
-8338
-7401
-5117
-4847
-3972
-5666
-3634
-4819
-3780
284
-2817
-6323
-6366
-7509
-7115
-9584
-9529
-4830
-8790
-7259
-5164
-3900
-1572
-7663
-1990
3743
2477
2620
2509
5149
2885
-954
457
1495
3899
2904
669
1580
-533
1407
2543
-1755
-568
-609
-2365
-153
-3910
-3521
-3435
-6235
-3664
-4891
-4634
-3510
-4144
-5181
-4314
-5393
-6249
-5288
-4556
-3594
-7714
-5191
-4467
-4690
-3078
-3255
-2219
-1500
72
360
6
-718
-1585
926
2157
84
719
778
-408
-2381
-803
-2644
-1070
2329
-1662
-1242
-829
679
2672
2246
3663
2717
3284
5239
3318
3778
2972
1339
1726
2592
5835
4235
3305
5310
6037
7786
8673
7347
7609
9232
9384
8084
8129
10209
8867
6304
5700
9530
8425
7496
8608
3847
7813
7305
7568
11149
3522
3577
4624
2212
3543
1226
4644
1818
-3851
-81
1025
1850
-86
-3936
-3015
-3917
-5548
-7025
-7114
-7179
-5873
-5362
-6774
-1750
-2261
-5439
-4352
-2433
-462
1970
-2444
-1656
467
303
2024
614
1013
1503
-1071
-1638
430
-3289
-5292
-5905
-8369
-8226
-10219
-11499
-4812
-6659
-8194
-4678
-5147
-4483
-7812
642
2814
-1473
-2567
2512
7105
-89
1819
3048
6034
3519
644
5120
2780
3508
1756
-36
978
957
801
-2558
-2937
-3079
-1195
-1647
-3393
-4312
-6368
-3754
-609
-1627
-4173
-2690
-4836
-3909
-320
-431
-2221
-6768
-3848
-3008
-3472
-2840
-5433
-2164
-695
-2854
-5257
-4433
-3804
-4826
-5700
-5301
-4138
-6897
-5389
-7016
-5977
-3501
-3817
-3341
-8715
-5985
-2690
-2453
-3047
-4507
-2729
-4776
-1220
-692
-3436
-2193
-1119
1652
-2528
-5071
-2695
-1652
-77
-2387
-2953
-656
646
3279
2329
1130
1333
3120
5426
6211
4370
4087
6546
7297
9086
8699
9221
11319
11633
11688
12246
11232
12603
13591
10159
10304
12572
10402
5428
5910
6308
5809
4086
2841
3792
2792
1664
-1332
354
2555
-995
-1941
-197
-4
-731
-1190
-1482
-562
-3630
-1701
2057
-1572
-794
-3024
-1545
-112
-3785
-228
-1324
-2752
-717
-5413
-4705
-1761
-4343
-5644
-8173
-9330
-10361
-10679
-17518
-17066
-12657
-11991
-9793
-12461
-8212
-4308
1416
-1382
-1802
5024
4362
8222
9299
11819
10990
9672
11740
15616
16111
9820
11621
12854
9744
9915
8187
3708
2702
3963
5581
2804
1527
1108
890
3375
3186
853
-163
107
374
1761
1333
205
295
-841
93
428
-3368
-143
-1646
-3605
-1361
-4274
-3149
-2939
-3258
-4266
-4672
-5041
-4360
-3814
-4704
-3019
-3672
-6340
-6510
-6473
-4850
-3508
-5735
-7295
-5505
-2690
-3059
-4063
-6321
-4317
-4203
-4414
-522
-3304
-4887
-2086
-1805
-2437
-2434
-1009
-2794
-1397
1150
-702
1289
717
-1686
-1922
2218
3959
986
1386
3136
2682
1769
4374
5098
3296
253
1670
5646
6661
5726
1253
1697
1751
2541
6140
6050
8057
7779
5872
8747
10331
8707
8993
6951
6665
6342
6405
7523
3622
4025
1668
2374
2957
1825
5440
-1164
698
2921
2626
1523
-104
2991
2177
4782
1407
71
374
2630
3471
-364
939
-158
-2019
-2586
-3476
-4606
-7165
-9270
-11392
-16266
-11235
-7396
-9848
-8885
-12001
-6276
-2523
-3642
-29
208
2377
2667
2694
4204
6678
4939
4877
3291
5881
7833
1658
4727
1882
1614
3829
1844
2223
-559
-3584
-3332
-5421
-4842
-6606
-9132
-7857
-10513
-10088
-12193
-10725
-3527
-4288
-5436
-8236
-6353
-966
-3230
-2740
2069
5599
4776
2387
3807
6392
4752
4452
5274
6706
6146
4642
4108
235
5124
2696
-361
1380
108
2696
-684
-1953
-2559
-3512
-1296
-4303
-3518
-3241
-4864
-3079
-3939
-2256
-2291
-5571
-7398
-5837
-5855
-8061
-8076
-7361
-6897
-5899
-6111
-5317
-3369
-4297
-3844
-3011
-1525
430
-452
-822
3046
4206
4351
4702
490
1285
3351
3985
4689
2029
1979
137
1100
1767
-2922
-1903
-240
-1344
-4013
-4467
-1550
-76
420
-2829
-2728
-3765
-3871
2719
1864
287
672
2048
1574
-661
1633
3355
4551
3944
2692
5592
5265
3546
4816
1718
4572
4908
1702
4066
3639
3206
1298
2003
1965
1877
410
-4681
-4065
-8174
-7100
-5773
-9743
-11538
-15593
-8789
-2546
-4004
-2570
-9759
-3847
834
-1527
-501
1022
9352
5685
5725
7844
11129
10283
8076
13504
12887
13669
12243
9124
6765
6586
9290
9099
6933
5012
3502
841
2676
1731
-507
-57
-806
-1992
58
325
-230
-15
57
121
-561
-1796
-1483
726
-1293
-467
-2454
-2305
1781
129
187
-1662
-2822
-2009
-1831
-983
-5515
-3726
-2286
-3716
-2968
-3881
-11114
-11665
-8200
-9748
-4469
-10481
-10256
-8421
-5263
-4364
-6457
-3648
-3419
1171
-369
-1070
-12
-845
68
1100
3222
3176
1260
-146
1388
4332
1672
2253
688
1144
3603
5736
7070
4055
5509
7170
8166
9270
9540
7249
6016
10052
11106
9072
6278
5242
5438
4876
6995
3278
2454
8069
9009
5633
4989
3652
2538
1483
-930
2424
364
-1650
736
-314
-3352
-4344
-882
150
-2080
-3160
-651
1330
950
-318
-221
3173
3234
3064
437
113
1421
-530
782
-396
-4034
-1776
-2656
-6440
-7083
-10010
-9526
-12685
-15510
-13731
-12555
-10918
-12411
-7638
-4433
-4382
-6603
-8785
282
2379
320
2878
3822
6873
8620
8188
8179
7083
9520
7158
5044
5734
2631
3757
1207
1508
1106
-268
1562
-1307
-2741
-3946
-4353
-3130
-2278
-1450
-1808
-4506
-1427
3348
3034
2243
1273
3321
3928
-111
5171
7278
1625
2033
3824
3802
1011
-934
-1806
-3289
-2577
-3631
-4909
-5054
-7038
-6824
-10655
-14116
-11916
-6833
-6862
-10509
-11419
-10449
-7999
-6699
-4790
-6617
-6073
-2668
-2507
-1771
-599
-1058
238
1488
582
1137
2092
3001
1470
-329
1513
2343
1971
1075
-820
-1071
-640
93
-5148
-4294
-1121
-2355
-4193
-6679
-5496
-5072
-2420
-362
652
295
189
5405
8595
10004
12308
9061
11692
12939
9675
11758
13654
11663
11359
13363
8976
7467
1653
5503
6768
737
653
1091
790
-3207
-4800
-4343
-7033
-7459
-5439
-7409
-5882
-6022
-7053
-6362
-5512
-4827
-3756
-134
1275
2109
3218
3637
7318
8658
10375
9499
9167
12471
8696
3529
2366
405
-2578
-3565
-5891
-6722
-6408
-4030
-3242
-5538
-8656
-9670
-5913
-2401
-2755
-3361
1369
1847
1205
-1435
-1578
2800
3242
3276
4336
7014
5009
2550
3877
5310
5400
3509
1923
510
824
504
-1410
-3061
-5692
-6698
-6344
-5374
-8029
-9474
-8289
-9328
-11085
-9021
-7219
-7608
-8746
-10243
-6654
-5934
-7007
-6036
-5161
-4593
-2679
489
1471
1398
2501
2166
1314
3731
3322
2747
5119
3412
4158
3392
3019
1957
203
1689
3704
2594
-482
-1262
-598
2765
-524
405
-1055
-767
2101
-1386
1662
3404
3818
1928
566
2423
4717
8143
6575
4357
4591
3831
4833
7153
4301
1615
4274
5533
4331
-173
-2164
2554
2580
-274
-1242
-4548
-2814
-2366
-5904
-4740
-4140
-6995
-7880
-3222
-484
-1780
-3150
-1323
1911
122
1584
5327
4536
2436
2196
2876
3075
2463
-3289
449
1562
-2133
792
-2973
-366
-296
-720
-233
-4297
1732
2401
475
249
-645
5150
6170
5867
7530
5348
6780
6420
3087
4296
3660
7026
11968
8421
6465
6610
5790
9037
8101
3786
4708
5443
5732
4073
-979
552
976
-1618
-6343
-7178
-4381
-4380
-5800
-7136
-4693
-4864
-4678
-4771
-4652
-2201
2115
2960
-581
1134
2671
5967
5817
4031
4191
4135
3512
-535
1068
1291
1722
31
-3425
-5410
-4459
-3643
-6466
-6114
-5004
-7314
-7952
-6171
-5697
-5174
-6715
-4423
-2680
-3733
-3762
-2443
548
2847
2745
3729
4633
5159
4365
3550
7355
6736
3843
-135
-1091
-276
-848
-4195
-6692
-7223
-9126
-11128
-12007
-11924
-13610
-12080
-13339
-11978
-11540
-10166
-7774
-9877
-5635
-3774
-2468
174
2688
8298
10257
7904
5518
7432
10235
11215
11241
10240
9692
8764
8727
8220
5078
5130
4119
2365
1940
-63
-933
-4894
-2821
-363
-1158
-211
1043
106
-773
-443
762
1987
1873
5617
6494
5925
3193
3730
6623
8045
6386
2425
2363
2907
656
-2914
-5232
-5940
-7909
-10247
-12995
-10194
-9710
-16700
-13932
-13686
-15034
-9492
-16216
-17981
-14397
-15781
-11673
-11837
-9750
-5015
-552
-3806
-3257
3074
5593
6040
5028
10502
11161
9335
7622
7918
10234
10358
8092
4688
3385
1449
2590
4833
2925
3266
542
-262
831
223
3887
2783
1833
4156
5433
6837
4761
6532
7842
7111
9338
9221
10971
10519
8472
5074
4745
2620
-85
-2007
-3014
-5388
-8398
-9855
-13494
-13918
-13202
-14267
-12264
-12795
-15080
-13482
-10947
-7406
-7151
-2771
-2736
-2129
-1118
1324
6228
6895
5491
4342
8751
8222
8012
7377
6610
6078
4331
1936
-513
73
-469
-2790
-5453
-6879
-6194
-4011
-3958
-4692
-3833
-3798
-3025
37
1748
955
2284
6329
7287
6469
5650
4447
8278
11590
8531
10356
9978
12569
12850
9399
8665
5518
6838
3824
1256
-2143
-4429
-3571
-5548
-6211
-7769
-6493
-6289
-10766
-9376
-10211
-9325
-3971
-3223
-2509
-3064
-1472
142
530
360
631
4494
4204
3586
5186
4955
3319
1478
455
2245
21
-2451
-2845
-6083
-3044
-3563
-6921
-5472
-5512
-4932
-6498
-11089
-12756
-12564
-6421
-5851
-5186
330
-1269
-460
3436
6148
6571
5425
7317
13497
14486
12434
10399
12645
14707
9921
8683
5936
4070
1640
-663
-260
-3935
-4395
-7071
-4924
-4570
-7910
-6147
-2515
-2345
-838
-2912
-8193
571
3171
7321
2718
1279
4533
3587
6769
1459
4983
3545
3604
4635
783
93
856
890
-209
-2403
-5585
-3047
-3046
-4400
-3401
-2328
-2862
-1528
388
-533
1677
4305
6057
5216
5109
6893
4236
4613
7549
7836
6951
5142
4990
5928
7262
4061
2833
3874
4551
3669
-1868
-2608
-2613
-4266
-5325
-5207
-7403
-8953
-9201
-9708
-10127
-7520
-7393
-6489
-2537
-5172
-1419
2949
3976
3934
3846
8706
9714
7622
10431
13398
10827
8489
8685
8662
7650
4187
1900
-726
-2176
-2151
-4353
-6020
-6934
-7072
-9647
-7993
-6121
-4753
-2517
-2992
-2264
-2000
-168
-966
-23
998
1206
1489
1816
3975
2545
3855
4128
1797
4565
8726
4282
2859
3726
3576
2495
914
-2216
-9402
-7175
-7436
-19294
-24237
-18295
-13348
-12799
-15723
-14000
-9401
-8976
-10483
-8506
-2745
1590
2645
5481
4559
7699
8603
4414
5279
4957
2031
-750
517
-1985
-1913
-3321
-4858
-4126
-5874
-8537
-6916
-7759
-8575
-8288
-8172
-4909
-4949
-3928
-1880
-1011
1789
2454
4660
6724
3411
5164
3715
5075
9359
7405
4618
6764
7890
6775
5163
2021
4190
5776
3873
846
-2348
-4712
-5398
-7470
-9799
-11678
-13636
-12963
-14306
-15337
-15042
-12879
-10320
-6906
-7861
-8103
-3073
-2255
1504
2130
1468
4634
8967
8954
7972
6125
3041
6465
6238
2833
3331
1176
-658
1799
2411
-67
-706
-828
-1070
1870
895
2176
1042
883
8701
6807
5537
6280
7011
11191
8680
8426
11848
11411
11020
11550
8805
7570
8717
12307
11497
9242
12464
10709
11532
8968
4470
1382
-589
-1246
-2548
-5805
-8200
-5678
-6033
-7708
-9153
-6746
-7009
-5716
-3861
-5080
-2597
-178
1681
4485
2271
2996
8096
7043
5887
4180
3205
5885
4343
-8
-2596
-10325
-11662
-8046
-9221
-10465
-13536
-12682
-8849
-11283
-9941
-5111
-560
1090
-225
4496
4988
7737
7286
5585
7186
6596
9067
6361
4432
3688
3330
5024
6341
5049
1600
2580
-678
1068
927
-2355
-4771
-8024
-5057
-5229
-5269
-6046
-7964
-6876
-9370
-5000
-1880
-3488
-4185
-5487
-1996
-2672
-534
5347
3030
2218
8832
6929
4679
3880
2461
5049
3072
1330
81
-850
-382
-3127
-4549
-6167
-6311
-8995
-7625
-6736
-9281
-5823
-7028
-8499
-4981
-2248
985
5336
2968
4429
6248
4328
3971
3901
5769
5824
5183
8675
6308
6114
6980
4029
4720
3052
3017
-1014
-3716
-4873
-6213
-6059
-8896
-8906
-6120
-7629
-4222
-2490
-3002
-3031
-5390
-3993
3198
10901
9398
5441
6089
11178
13346
11399
8445
8450
10887
11185
6348
3349
3816
2793
1513
1140
-908
-963
-2644
-5413
-5650
-7142
-7686
-6847
-7234
-5938
-3584
-2793
-197
-276
2169
3639
4360
6205
4145
4776
5293
6075
5062
4479
7856
12345
8473
-141
-1347
-949
-4008
-4718
-6101
-10098
-8080
-7450
-10806
-8075
-9513
-10074
-4505
81
2430
2037
873
957
4037
3437
6270
6365
6350
5263
6955
7529
4181
5095
194
-1076
-2982
-3731
-3780
-8700
-6245
-4887
-6833
-6712
-6787
-7272
-7418
-7308
-6908
-6992
-6823
-7097
-7605
-3934
-4641
-5520
-2280
-690
2616
995
-2073
-2773
-891
846
1670
5311
6908
8371
8122
6754
6505
7705
6619
2115
-334
-2568
-3590
-6187
-9917
-9417
-10529
-8369
-5936
-8407
-7720
-7489
-7588
-5255
-4624
-1968
-2002
2630
4624
5393
8151
5715
7241
7342
6020
1956
-2192
-2836
-389
-278
-966
180
395
-1221
-2166
-2685
-2950
-2724
-3442
-2527
-1248
2640
2044
1857
5649
7280
8489
9323
8322
9153
5546
4308
7229
8699
12467
9412
7918
3117
3526
6811
1994
-1807
-5161
-6872
-7519
-6807
-8224
-8250
-10355
-11214
-6790
-3478
-4409
-7904
-4695
-3730
-4627
-884
105
2758
5229
8388
9811
11676
11072
6403
5805
2576
3719
-1863
-8815
-9466
-12702
-7247
-8472
-8576
-1418
-4725
-7875
-8671
-7098
-5275
-5872
-2445
2743
4010
4255
6679
11087
14838
11912
9904
11030
8595
8564
5733
5215
8973
9107
9149
6561
6501
4595
393
-3627
-7571
-7177
-7095
-9032
-6956
-5186
-7754
-5047
-3151
-5322
-5522
-6469
-7583
-6175
-3328
-3176
-1322
295
388
4293
3968
4934
5307
319
-2163
-2286
-2739
-2841
-3339
-3391
-3441
-3532
-5054
-4958
-376
-36
-4458
-6270
-3787
-2256
-1398
-1868
1278
4790
4789
3558
3387
4791
4730
2775
2722
4419
7309
4861
5112
9697
8154
8268
5651
2841
-524
-1962
90
-6419
-7011
-6028
-6947
-4903
-5449
-3327
-3601
-3387
-2229
-1117
-297
-722
1822
6360
8179
7223
8734
11763
12981
12486
10303
9350
8355
5417
3714
2415
3088
2075
-414
518
-47
-1739
-4385
-7272
-6342
-6372
-9317
-7725
-5529
-4843
-2698
-279
809
1410
1299
595
2309
3155
3733
5593
7649
8981
7707
8975
10233
6222
4937
2372
-9384
-13561
-16338
-20778
-16443
-13252
-15903
-18190
-13336
-7651
-7951
-9289
-6093
-2057
980
3019
1095
1863
12462
21163
16081
10605
13251
12142
10729
6424
-1140
565
1414
180
1737
-1977
-3325
-2360
-469
-1246
-5432
-6434
-7405
-4920
-2300
1005
2152
1960
2515
2411
7276
6977
2821
2508
1811
2538
8535
8532
6540
4936
4558
9766
9677
6272
-2845
-7800
-4438
-4700
-6934
-7717
-10064
-9395
-7305
-5847
-5324
-6127
-5284
-8040
-8291
-5491
-5281
-1699
-904
1394
7446
8640
9883
7447
3846
4559
4819
-409
-979
-230
916
3553
1040
-983
-4756
-6443
-7740
-9244
-10117
-11189
-9866
-9186
-7749
-3606
-2805
-1350
2763
1100
4862
1126
-3299
2372
3441
5124
2755
3869
8134
10633
11316
9535
7128
730
-581
-2484
-4451
-4347
-4435
-4115
-4272
-4392
-3243
-1278
-7527
-8451
-5690
-6052
-6443
-4303
-2162
-3
3499
4779
3417
3885
4012
1972
3489
678
-351
267
1592
1902
-2226
-2012
-2133
-3284
-5124
-7971
-10901
-14914
-17650
-15814
-13763
-8818
-4779
-6873
-2140
460
-1551
-2071
1830
5944
10351
10112
9360
13905
11665
11762
13109
12334
6536
125
-4070
-4914
-9370
-10196
-12030
-12797
-11090
-8577
-7329
-9757
-7975
-9991
-5154
-2053
-3205
-2041
654
5234
8859
8353
11380
12303
8854
10098
10192
10005
6055
2457
5488
5121
3999
4553
3089
2973
481
-2495
-3123
-6098
-4683
-1862
-2903
-308
735
1716
1678
-102
1395
27
1501
4806
4218
2867
5909
7698
9462
12028
10467
12575
11837
10021
4400
3977
5915
1576
969
-3140
-1970
1237
2726
2335
328
939
920
615
2043
4413
3967
4750
6419
4625
8240
10158
6704
6875
4070
1256
2170
2387
2943
2311
3661
3541
709
2454
-1200
-6864
-6962
-6412
-5568
-7534
-8742
-5809
-4259
-3508
-4034
-4753
-5198
-5159
-1159
-2101
-3076
-1495
-420
830
1316
4572
3943
3802
5544
3345
1390
618
-1426
-4423
-6682
-7574
-6837
-4280
-5043
-7407
-8659
-7261
-8771
-11310
-15050
-14686
-8726
-13202
-11606
-15041
-11512
1040
2788
8598
-115
-4804
2328
5719
8058
3153
3278
7862
7286
880
-2528
-2231
-1418
-417
-1221
-2526
-3186
-1423
-1159
-1759
-676
1803
3108
2588
2880
1272
2453
4711
2900
4454
7293
6608
10518
12805
9915
9207
7138
5956
3053
-1340
-1616
-5055
-7496
-7059
-9501
-11331
-12408
-11633
-11200
-9218
-8397
-9458
-7204
-4983
-4559
-733
4562
5016
5123
6564
8750
9430
8059
4701
6184
3854
4474
3357
-404
2186
644
1653
-285
-2236
-1670
-2315
-723
-1703
-3677
478
1004
812
3566
2559
6612
7137
5519
8494
7885
7721
11070
14045
14586
13632
11948
13590
14466
11563
7388
6043
5942
5845
5486
2066
1307
-464
-3377
-1863
-2799
-6134
-6068
-6927
-9186
-7683
-4367
-4439
-5070
-3118
-4888
-4928
-3945
-2808
-485
-1333
-1422
-2236
-1361
-2701
-4384
-4938
-9237
-10345
-10742
-9129
-7991
-9200
-9818
-10125
-7237
-6035
-5784
-6654
-6296
-3580
-4891
-4114
-4112
-8658
-7934
-2270
-7808
-13181
-7266
-1258
2575
5157
220
-2016
1310
180
1544
-494
74
-769
-5260
-4183
-2504
-131
-4751
-10940
-6692
-3528
-1408
-4722
-9454
-3278
1763
687
-1020
-1875
-2057
-2934
-2096
-662
-596
-1168
-727
3102
2723
263
-2042
-1850
-1052
-2151
-1375
-1553
-1457
-2034
-2588
-4245
-3005
-9
1756
1264
-818
2058
6870
8392
6791
5095
6279
9054
9227
7742
5895
11493
10187
6346
5609
1084
2013
70
-2413
-5118
-7222
-7802
-8418
-8483
-9998
-9688
-10829
-9167
-7164
-3063
-709
-1410
-1091
-645
5234
8547
9997
11085
12003
12539
12464
12356
11356
12009
13410
15418
14846
11902
12904
11610
10935
9246
7625
12399
14076
15263
15418
15685
13652
14048
16949
18084
18064
14859
14437
13359
14689
12950
7321
8843
10877
10082
6759
2574
916
-2427
-1341
-1440
-7525
-10126
-7988
-6672
-8888
-12115
-12202
-13542
-13029
-13176
-14989
-12042
-11174
-11156
-10500
-6709
-5813
-6704
-5900
-2312
-2929
-5939
-5074
-10223
-11021
-11131
-11505
-9826
-13667
-12236
-15613
-11094
-4841
-9794
-11427
-12965
-5513
-1577
-4416
-3719
-5524
-3646
-4248
-4470
-1338
-1120
-1177
-782
3022
4935
3786
1160
3309
6153
6353
6514
592
-490
450
1717
689
-2495
-2686
-4446
-3728
-2801
-5602
-8002
-9116
-9983
-8801
-11073
-11483
-9897
-10432
-9161
-7608
-5146
-5281
-4366
-62
778
1428
1585
4140
6721
5488
6449
6095
6684
5305
5581
6613
3019
1536
-92
61
787
-727
-933
-433
-1077
1296
484
-1700
870
1154
2544
3131
5739
5996
4685
8972
7448
8842
8927
7321
8542
5428
5597
4935
5377
489
-820
263
-3147
-2977
-6018
-6383
-4327
-3748
-6210
-5600
-1748
1729
4640
8192
9012
9321
11147
10558
13252
14820
15326
19999
19693
17556
19797
17388
15762
12685
7996
9512
8871
7420
8654
4664
4088
3266
-2
1059
-932
1405
-571
-3831
132
709
1027
1349
548
509
1540
4425
7489
3775
1161
2058
3660
314
-6016
-8225
-6326
-4042
-7813
-12862
-14957
-12157
-8998
-11173
-14073
-10341
-7090
-6809
-8962
-12347
-9923
-5282
-3991
-4436
-4835
-4406
-8231
-7775
-3327
-4366
-4821
-5296
-8923
-7575
-3488
-5570
-9199
-9814
-7364
-8808
-8067
-7858
-9781
-6208
-6345
-7548
-9458
-10117
-8799
-9615
-7605
-6849
-7499
-7445
-8474
-8931
-5468
-2627
-4828
-4435
-904
-1041
-2217
-312
804
-1354
-1358
-1252
-1474
-1674
-2363
1175
149
-3935
-5132
-5694
-6279
-3766
-4046
-6149
-1852
-1088
-3875
-3943
-3484
-1360
-101
-686
1123
-586
1446
4530
2552
2353
1410
242
3601
4078
5526
4249
2820
5883
2133
397
1609
4776
3331
292
1716
2083
4648
5844
5084
4303
2431
5133
8235
8188
8305
7765
11250
13158
9871
8653
9579
12278
13288
10595
8431
9544
9388
5502
7304
7092
6025
7738
6922
6610
5280
2501
2577
4408
6583
7620
5395
7111
6835
9355
8210
8141
9696
8564
7969
6538
7734
6499
6885
6274
1614
1706
-5894
-8848
-3059
-7484
-9649
-11386
-8236
-5276
-5887
-4249
-2603
-1117
215
3304
5398
1254
293
4262
9805
9204
8389
6788
1161
6420
5070
5576
3138
692
1494
765
759
-4740
-2980
-4573
-6419
-4552
-4496
-5137
-7020
-6445
-7299
-3691
-2660
-6579
-3414
-4945
-4098
-4107
-7369
-4100
-5204
-2340
-2543
-5658
-6270
-6000
-2507
-2234
-3895
-5221
-5474
-4459
-6162
-7810
-8662
-10689
-13272
-11841
-10543
-13253
-11453
-11304
-12298
-10137
-10417
-12237
-7962
-7263
-9536
-8277
-7632
-7117
-5934
-2926
-3140
-3983
-3742
-1145
-1145
487
-978
-4749
186
455
489
797
-632
296
2870
5104
6385
8428
5487
4692
7199
9753
10110
7355
8775
11379
12516
12022
9734
10755
13276
10753
12082
7306
4454
5911
1570
4806
5992
3381
2684
1678
1624
2753
947
986
-198
354
6181
4558
675
-83
1580
4317
5188
3395
3346
6423
9447
9897
6743
9418
9136
6471
7369
8546
6314
6624
7268
1719
2757
508
-6190
-8066
-10882
-12506
-11810
-17616
-19386
-22391
-16774
-6767
-7371
-10756
-9191
758
817
1389
2506
6493
12149
11989
16128
15226
13992
13143
11705
11891
9554
9401
7689
7770
7510
6443
6822
4261
3241
1648
883
1341
-2529
-3385
-3559
-3238
-1565
-2261
-2098
-6865
-4921
-3603
-4980
-5003
-9598
-2849
-3587
-7422
-7154
-7089
-2078
-5525
-8434
-8450
-6840
-5292
-8486
-10603
-9538
-11080
-11497
-10871
-11758
-12362
-13965
-10100
-10448
-11214
-9435
-9535
-9627
-8909
-7072
-6111
-6314
-7611
-6086
-4916
-3654
-3306
-4323
-3812
-2109
-1912
-3758
-3907
-4600
-4501
-3254
-3080
-1754
-2047
-719
1306
1022
2082
821
1838
3305
3158
5557
4484
2385
3794
4322
3108
4433
7242
8932
8610
7863
6267
6702
7956
9234
11181
10265
8821
8511
7184
7083
6522
4625
5139
4060
907
1158
2497
-2143
-3337
-58
1328
580
-2392
-33
4717
5798
3187
1164
6446
8158
3214
5363
7707
8012
8962
6665
6944
8514
6109
3571
-332
-3478
-6081
-6619
-8033
-14449
-15366
-13468
-7605
-7770
-7883
-7069
-10364
-3071
2712
771
-38
-1063
4890
6910
6808
7825
6511
7917
5168
8395
4967
1660
2240
-2632
-971
-5779
-10010
-6879
-4534
-1107
-1676
-1846
-2977
-1295
-1773
-3344
-101
3472
4545
5504
5479
3614
5051
5513
3925
1569
1826
2614
1265
-1426
923
528
1093
1888
-827
236
-1672
-1235
-318
-2301
-3088
-627
136
-2770
-2197
-1890
-3503
-2071
-2230
-2213
-2051
-3339
-2964
-2101
-475
-3851
-4898
-1951
-3031
-3807
-4326
-3210
-2207
-2766
-1149
-1619
-978
-2065
-2811
-1314
-211
-703
-3503
-1650
1480
1413
275
106
5533
8564
6781
1849
4247
9178
7012
6650
3819
6617
8741
6339
4632
4357
3270
1156
1218
887
-1949
-3359
-1807
-715
-869
-2436
-1073
-2520
-1087
-1597
-2706
-2470
-3280
155
-3476
-2662
-1255
-953
-1191
-161
1695
740
2788
3679
2841
-271
85
4445
6106
3864
3322
3741
3798
2513
-1637
-2118
-614
2134
-1826
-9169
-6336
-3592
-4590
-3265
-7274
-6298
-2576
1076
2376
-898
3577
4403
4675
7510
9829
9630
8076
12348
9906
4427
5582
3192
3416
5270
3872
157
-3726
-2771
-2828
-2472
-2946
-2046
2321
-3971
-2212
-607
-508
881
-3839
1022
2095
2523
2429
-1504
-555
54
39
-394
-4258
-6010
-6877
-6752
-5320
-7925
-7360
-7112
-5976
-1857
-2051
-3818
-4520
-5438
-2114
-139
894
926
-483
2058
4196
4711
2470
689
271
-1396
-400
82
-1136
470
-267
801
1378
-1223
-1335
2114
4279
-634
-2802
304
1709
1055
-1791
343
1993
-603
-2049
-2937
-1975
-260
-3061
-405
3486
518
1817
3789
5936
5346
2555
3345
6417
2835
-1972
793
284
957
-2647
-3032
-1487
-4367
-605
-3175
-1631
-974
-3112
-1560
-4434
-4285
-4330
-2884
-3664
-4343
-3546
-4044
-3439
-4741
-4611
-7721
-7015
-8406
-11277
-8887
-6472
-6147
-9171
-6491
-5646
-5508
-2107
-1101
220
-1224
-1420
-1067
-2712
-3016
-4509
-3382
-9344
-6749
1767
-955
2386
2917
-430
1780
4491
4324
4359
6781
7231
10910
9339
4963
9518
10202
6547
5471
4138
6142
7804
3454
-78
-2925
-1070
1631
-1364
-2241
-1989
-808
-2311
-1679
788
-634
-428
1260
4566
6821
274
-2316
102
-1166
1233
-2580
-7794
-4560
-2258
-2738
-3573
-5335
-3739
-3026
-2278
-1499
-3896
-1548
-1933
-1505
245
-80
267
369
2615
202
1370
506
-1517
2728
-394
366
-1317
-4320
-109
-2671
-2959
-4735
-8035
-5365
-4387
-1822
-461
644
3011
4200
3146
5265
7409
8344
11502
9209
11281
12799
14084
13462
11829
12374
14100
13246
12081
9968
5322
8864
10535
9706
7253
5451
5804
6933
3139
-971
-599
-438
-1562
-4899
-5003
-1383
-1683
-1828
-2466
-4383
-1610
-1650
-2551
-2766
-4463
-4614
-2719
-2343
-4278
-3132
-4528
-5885
-3193
-1720
-2862
-1572
-3191
-2810
1699
2088
1350
363
2472
1410
1475
478
-2753
-3103
-4623
-7450
-9733
-8720
-9710
-10273
-6256
-2556
-1378
-578
-3308
-2687
3544
5287
821
1987
7323
7308
6726
5307
10716
13035
9378
7325
4651
5511
3486
1538
-856
-1697
16
-3302
-5540
-3850
-4199
-3961
-3875
-3691
-3605
-5770
-2404
-189
-2234
-2421
-1551
-708
-2339
-3678
-2051
-1088
300
-2476
-1782
1745
-1565
-3444
-1581
1010
2283
254
-1607
767
1596
316
69
2014
1756
1704
1419
-132
733
574
3667
1433
768
2277
1695
2819
393
-410
507
-870
-1058
-2827
-4826
-3270
-4931
-4714
-5164
-3876
-3961
-4264
-2288
-3474
-5338
-6785
-3726
-4649
-5884
-2733
-768
-2222
-1960
-488
-1733
2704
932
1221
1068
-4623
1365
-1583
-1717
-2146
-3137
644
1762
5408
2417
2448
4817
5927
6595
6681
7201
8709
11410
12196
11154
9284
8371
7733
9098
10547
8397
7630
5633
4833
4843
4031
4846
3293
1438
-29
1672
1938
-1318
-5609
-6461
-4851
-5587
-6771
-9674
-10386
-10133
-11147
-14670
-19434
-23539
-24631
-22771
-21158
-21834
-19331
-12927
-10503
-12041
-10961
-6554
2296
5534
1876
4505
9151
13403
13743
9652
9196
8052
6730
7555
8675
11010
7480
4407
7894
5657
4353
3116
427
1860
203
3134
5264
2794
2455
3648
4039
2885
3587
3148
224
853
3532
1621
1782
3059
1583
640
-3409
-4243
-2861
-4835
-5871
-6959
-6949
-8216
-10400
-10075
-8212
-12508
-12830
-9139
-8494
-6754
-7211
-9266
-8677
-6338
-5722
-5214
-5570
-3499
-1706
-487
-1104
-2200
-1032
283
732
2390
103
293
1309
-65
1386
476
4203
4476
3015
272
1218
6459
1798
3608
6742
5259
5934
9121
11227
12484
12440
8132
8578
10900
10334
8440
10401
9637
6484
1945
-723
-539
-1558
-2034
-3250
-3885
-4149
-4187
-4555
-3469
-3360
-3207
-1536
-661
-146
-1364
69
-1264
-1658
-704
-7626
-5245
-5779
-5576
-3129
-4376
-611
841
2482
1402
2847
6358
9486
13995
13069
11556
8542
7965
11996
5943
5029
3457
-5875
-5532
-8352
-7986
-2421
-1353
2752
4474
2126
5538
7262
10071
8166
5108
11350
10265
8180
7469
4332
-224
2291
-1129
-2182
-583
-916
3035
-709
106
269
-573
-6235
-4311
150
866
-3097
-6850
791
-1776
-6663
-3214
1886
47
-616
680
-3333
-4428
-5555
-4989
-3304
-4793
-2381
-2380
-2996
-4122
-3642
-2254
-2703
-2162
-1809
879
674
1018
2517
2005
5936
8555
6299
2906
3846
7050
5887
4792
-387
-863
-1076
-3461
-7756
-10786
-8443
-13794
-13925
-12595
-13047
-10826
-8848
-8520
-8408
-6962
-4141
-4006
-6114
-4839
-5744
-5490
-89
-1294
-3306
-645
513
2006
-1495
-590
1656
586
4645
5749
4262
4596
4966
9580
10362
8238
5973
4324
10314
7923
5296
5391
4698
6003
3977
1769
2882
6549
5036
5799
6555
8511
9933
6954
7738
6225
6078
5587
3353
1922
-78
-1420
-3121
-6016
-8241
-8642
-7091
-6282
-5882
-4121
-1912
-3404
397
3069
-1668
-2023
-1739
-4782
-8760
-5797
-12729
-22584
-25209
-20827
-12977
-13398
-13931
-19744
-15983
-7257
-1925
-44
-2500
2156
8690
11285
9277
9454
10680
16352
9237
6393
7211
2559
7258
6037
6879
2547
863
5717
7949
4152
3818
9074
8737
12034
9691
8623
10766
8475
7733
3510
3227
-568
-617
89
-5036
-4847
-4035
-2560
-7283
-3028
408
-4884
-5522
-4541
-1537
-3552
-6298
-6479
-6511
-4885
-6602
-5605
-4820
-8051
-8761
-5044
-3859
-7415
-9186
-7928
-5776
-3170
-3815
-1239
-1490
-3126
732
2223
-812
-2112
-1766
-1876
-1153
571
303
-209
148
-1878
5037
3682
1907
5016
5840
7973
7873
10151
11295
9417
5545
3311
1082
-549
-2803
-2981
-2050
-5365
-2803
-1351
-2223
-1677
-3319
-216
-219
-1250
-2835
-1748
1142
-212
-1251
-4238
-2342
928
-686
-1687
-3129
-6648
-5400
-3064
-2293
-2744
-4176
-1794
-1363
-564
608
182
2281
2107
2456
2736
2645
2993
4307
5286
4207
6900
10516
10818
9396
8286
9195
6525
594
-1928
-4583
-4837
-754
-2899
-739
-2335
-11154
-8442
-8103
-6271
-4523
-3396
-3704
913
4793
4484
8134
5733
6931
7731
8513
9794
5221
5604
5048
1548
-1923
-3291
-5789
-11022
-11844
-15759
-16873
-14527
-11890
-7998
-5854
-6059
-3514
-513
1771
7794
6352
6255
7749
7655
10796
9459
9263
9728
10222
11423
9123
8563
10824
13643
10104
8946
9532
7540
9072
10207
5699
1812
-52
-1477
-2275
-6590
-9575
-8637
-8457
-11564
-10392
-9722
-7062
-3947
-3583
-4258
-3778
-3125
-3736
-4071
-3138
-467
-3695
-3345
-1793
-820
-2693
-7024
-2203
-914
-3534
-4866
-7277
-4312
2379
3732
2103
3148
4435
5445
8848
10613
9368
3882
3315
4392
1608
1274
1133
2988
2563
-250
2206
4865
6508
8362
8131
6998
8152
9963
7994
7247
6266
2170
430
-199
-3846
-8550
-9994
-11452
-11388
-8392
-9049
-7364
-3968
-1463
-1769
375
1605
-502
297
1732
4636
1346
-1001
-467
-165
841
-2149
-3620
-5018
-7685
-9736
-10491
-12340
-15180
-10871
-10791
-9675
-4808
-6382
-3061
-684
-3953
-3334
4958
7020
5738
4537
4610
11564
10669
12838
10885
12272
14232
11964
10196
5846
10638
6241
4764
5133
857
-157
-6590
-10691
-13134
-13112
-9447
-10133
-10566
-7889
-6381
-4342
-3729
-5046
-3193
953
-2456
-2367
-1613
-2665
-1048
-3705
-373
-1475
717
-1889
-6116
-4675
-5852
-7551
-9769
-5168
-3133
-4518
-6063
-3226
-2093
829
-2599
988
4790
1138
1136
-266
2325
4364
3967
-127
1083
4995
4650
3505
6427
7265
7133
8690
8403
13090
12972
10453
11984
10352
9808
8211
4466
3209
1449
18
4136
-684
-2816
-1355
-679
2324
162
2900
4552
1536
-3206
-3717
-1194
-3913
-4214
-2452
530
550
-2772
-4594
-2178
883
-1664
373
-573
-2051
-2597
-3637
-4298
-4343
-3870
-6400
-7194
-6775
-6681
-7335
-6561
-6379
-5947
-4931
-2521
-128
1606
3995
903
3753
6973
6696
9825
7503
6647
5427
4955
1587
-4130
-4582
-11824
-16937
-18168
-13409
-13339
-16302
-11159
-8470
-7727
-8095
-5261
-1792
245
-721
-1965
1894
3673
3248
1524
2016
4091
4236
6484
5685
3894
3070
2112
7718
4548
-295
2611
819
348
-1901
-3212
-2413
-4762
-7312
-7159
-4131
-463
-3059
-2990
-2611
-2071
-1705
-3465
-452
-391
1484
4569
4516
4407
6958
9098
10888
9994
11342
9152
3837
2672
-1201
-923
464
2917
2527
2056
2544
2375
6174
4791
2947
3433
1473
-2539
-1243
-3326
-6540
-8032
-7118
-3070
-8593
-10826
-9184
-11270
-11743
-11726
-9381
-2968
-238
-1164
-1947
3620
6651
9946
12790
10290
12738
14330
16187
15575
16603
14677
9625
11008
17218
16995
13410
10346
13082
16799
11314
14005
13753
10467
12763
12159
10434
5968
2451
766
-1611
-4925
-5974
-3821
-4626
-2374
-1487
-3584
-3760
-2770
-2161
-6349
-7900
-5148
-4094
-5512
-5965
-2194
-1205
-1472
-108
-814
777
457
-901
-2977
-4756
-4372
-5228
-8273
-8857
-8693
-10235
-8915
-15057
-20732
-20301
-16689
-13750
-14060
-12073
-9610
-3923
-300
-7765
-6206
3152
6169
5782
4302
9573
12541
10867
10893
14131
16142
9737
5766
3502
3391
-337
-5021
-2690
-4757
-4964
-2661
562
-555
-4415
-5044
-5349
-4658
-8273
-10890
-7767
-6617
-7195
-8616
-8087
-5324
-3144
-5017
-5950
-5412
-6675
-4324
-1094
-3859
-4801
-2857
338
1453
-271
1807
-1680
-310
4031
2637
1588
1941
822
2175
2929
-847
683
3719
6400
8545
7185
10511
8946
7460
10475
9581
10441
8433
7826
4720
-60
-3200
-5100
-7424
-6939
-3553
-4146
-2226
-619
687
2203
3450
3259
3074
1662
181
737
-37
-2633
-4547
-674
1500
167
-2424
-2092
-2982
-4616
-5308
-7836
-7883
-7663
-4285
-1197
-165
992
-981
-1398
3207
4501
6023
9036
7308
7852
7661
7836
9962
6383
6000
7925
10018
8183
7224
8591
7571
9244
7772
6776
7648
10192
7537
3676
5185
713
-3751
-6696
-3889
-3195
-6788
-8653
-10394
-6260
-9968
-14198
-17358
-19500
-15613
-16204
-13327
-11880
-17540
-14894
-9299
-6754
-3333
-3927
-5297
-1444
-511
-989
-1597
-1757
-1699
785
3662
3637
3860
-409
1635
3369
-254
-305
-844
-2299
-2512
-4269
-3232
-4853
-7739
-3572
-3645
-867
3252
-871
1934
4762
6499
4715
3926
7019
5348
3594
-819
126
241
-3325
-6652
-7912
-5404
-1839
-312
541
805
-1423
-524
-785
-3669
-4751
-4726
-6320
-7183
-5685
-3118
-2511
-1761
3025
4422
-1814
-842
4012
2489
3063
4104
7492
9449
5713
5384
6552
5118
6295
5846
4484
8699
8589
9817
9301
5719
6589
8428
8929
10910
13260
8889
9348
11237
10476
10219
14167
15669
11589
11644
13382
12687
3818
-2006
-3115
-1509
-3475
-7729
-8120
-4250
-3825
-4534
-4490
-2463
157
-4247
-4610
-7012
-4216
-4671
-6238
-7108
-7608
-5070
-8989
-9813
-10003
-12140
-15206
-14220
-14905
-13169
-7866
-765
2104
159
-80
2494
5398
5952
6719
7306
4885
610
121
1322
-1983
-5209
-7194
-7089
-1379
-2319
-3795
3048
4782
5330
5164
6653
10303
11345
12498
13335
19643
15346
8944
9770
9006
7504
2951
2378
5606
6290
5742
2810
-1585
-2586
-4204
-2785
-4785
-8984
-8018
-8482
-8002
-10143
-8824
-5134
-7558
-6378
-3878
-7177
-6131
-5389
-3864
-4740
-7302
-4351
-4978
-5141
-5321
-4964
-2907
-3370
-2105
-597
-3462
-2115
180
-1738
-4773
-4664
-2175
-4114
-3349
-2657
-3981
-3378
-1479
307
-524
987
3777
3308
2676
4435
2546
427
830
-235
-2922
-3149
2550
2542
82
3574
3094
3660
3804
6229
6938
6506
7177
3120
1850
3916
8361
7182
4936
7007
7938
6785
5346
4635
6295
7368
2252
1880
1499
443
1361
-687
-683
-225
-476
-2513
-2068
337
487
1694
70
-80
4838
4236
2378
1752
828
1597
2591
3709
1541
1140
3160
2321
1894
1731
27
-2271
-2414
-2319
-3784
-5954
-7685
-8109
-8156
-9683
-9487
-7919
-10764
-10334
-10309
-12938
-18374
-22370
-21836
-18263
-17906
-18268
-16077
-14897
-20480
-22224
-12900
-9013
-6621
-7062
2482
4194
-1777
2810
8149
10378
12259
11072
13914
20372
17082
18404
16383
16371
15216
10316
10526
7810
6447
6210
4840
2719
2065
3935
5144
3994
2804
5312
7797
7707
7015
7332
4747
2429
4315
-1128
-5260
-2761
-4120
-3988
-3997
-3304
-4297
-1802
47
-1584
-2974
-5339
-4948
-5239
-5112
-9706
-9962
-7277
-7781
-7384
-6600
-4378
-5098
-7535
-6931
-5964
-5152
-7154
-7865
-3941
-4298
-4805
-4763
-4384
-2920
-3164
-1467
260
657
2424
3059
7244
7639
5233
8084
11890
13061
12452
12030
15080
18074
18312
18445
15451
15064
15099
12865
12612
12676
7521
3113
4459
2193
-1434
-4418
-2865
-3579
-7262
-3328
-2523
-4389
-3425
-2165
-1482
-3421
-4852
-4005
-3078
303
-736
-2884
-2528
1617
3225
610
-538
-1209
-1631
-3310
-1446
-1284
-3414
-2282
1155
1093
-2902
-5444
-3663
-1008
-2558
-5271
-6950
-7915
-5342
-11446
-21902
-21410
-16355
-12489
-15903
-15440
-10213
-10622
-8966
-450
3717
-63
377
7072
13066
9365
10244
10192
6103
9678
6127
5245
3161
4561
6421
5142
4399
5263
1718
-3970
-2767
-9443
-15198
-16888
-15460
-17159
-18319
-18252
-13118
-9327
-5668
-1575
-2368
-1113
445
3301
2749
6782
10274
10499
13003
14905
14567
15711
13298
12021
15928
13963
8398
5587
7244
8690
6534
3746
5694
7390
4883
873
-1230
1409
2872
4549
3291
4688
5211
5022
6195
4544
5899
2646
378
-1225
-5102
-7581
-7531
-7987
-10107
-6537
-4004
-6045
-3481
1820
3494
-558
102
3332
7782
10042
6652
7490
11586
17586
14645
10746
10168
12067
7843
3384
5660
3143
2529
602
969
-877
-1763
-1256
-2045
-2269
-4335
-3616
-2356
-4000
-5533
-5207
-1876
262
-179
-2575
189
2111
397
1434
2552
4907
4208
5234
6433
8548
7559
5560
8457
6977
4399
1320
259
-2164
-5884
-8247
-10088
-9458
-12389
-13872
-14096
-16819
-17278
-19541
-22520
-20107
-18393
-18078
-15344
-11931
-11568
-7639
-2580
-1627
-2668
-2175
2328
-1118
-1990
2548
104
3325
5498
-1366
-104
4679
9261
5696
-839
2135
-488
-1637
-1743
-838
-284
-7707
-9281
-6907
-8311
-6318
-6701
-7102
-4469
-4355
-2330
-846
2247
3297
3160
3015
3548
3032
3113
3713
-2421
-1799
-6740
-7556
-2815
-9138
-9128
-11579
-16672
-16919
-15191
-11850
-10637
-13997
-10245
-4101
-4390
-5589
-3343
3812
6679
6008
7047
7254
9685
9929
5587
3101
2409
8080
8676
2128
-606
380
1162
3252
710
-4143
2637
7356
7519
6622
11264
9954
9480
15444
13688
10674
12649
20221
25123
24456
20161
19963
21107
19955
20331
17034
16471
19998
15893
11681
8870
7123
2885
-4292
-4312
-4899
-5475
-4995
-6291
-4086
-3326
-6359
-7113
-3863
-6300
-9455
-7639
-3996
-3896
-6897
-4040
-3102
-4308
-4520
-2728
59
-3161
-5652
-2946
-3221
-314
-1715
-5466
-3300
-3576
-3914
-8002
-14591
-19762
-14969
-12812
-19442
-20456
-14447
-10705
-11230
-8630
-9480
-6517
1398
2564
-2242
-467
7578
14038
13038
8797
9748
13686
17504
15202
11512
10457
5946
5562
9002
7603
480
-4160
-3791
-6229
-7994
-10628
-7914
-4284
-10682
-11907
-11213
-12575
-10976
-10901
-8826
-5789
-4509
-5798
-3538
-3396
-3468
-3771
-6038
-5149
-4807
-2136
-3424
-4103
-2020
-2392
-2220
-3601
-3233
-3168
-2929
-1724
-2454
764
2720
1517
-1314
-2810
1163
3275
-154
-2175
574
2105
1879
2282
-1533
-1126
2485
3755
3117
-142
-231
795
-1816
-4572
-7953
-6324
-1583
2240
3105
-479
5855
9746
7189
13253
15009
14794
17182
18631
23500
18034
16099
17341
21342
24142
16783
13596
13464
18176
13487
8368
9725
8401
6585
4439
4758
5692
6133
3578
1322
2747
3096
3456
3580
3421
5646
6270
6320
5694
2130
5198
6610
3675
4136
2653
2165
5112
5551
5087
3852
3583
6294
6665
2739
492
3592
-1964
-11411
-14898
-16743
-15316
-18899
-25257
-21623
-13990
-13626
-15079
-10572
-12289
-8402
-7762
-8799
-7030
-11268
-6419
-3318
-4809
-6477
-4892
-4017
-7695
-6554
-3765
-663
566
2
3198
600
-3916
-5958
-6809
-6239
-6037
-5823
-7134
-7876
-9470
-8512
-5481
-7084
-8430
-6926
-7240
-5592
-5327
-5268
-5350
-4529
-4287
-6431
-5345
-5197
-101
235
-2531
638
685
4171
2663
2523
2422
-397
-209
-2851
-5522
-8095
-7891
-6751
-5493
-6275
-9942
-10164
-6450
-6247
-7842
-9333
-10186
-7843
-6908
-5666
-4497
-4553
-3114
-2661
-1596
-768
-557
-1600
-830
-75
-828
2241
2724
1421
3853
4254
6088
8987
9567
10538
9419
13118
14754
15688
16002
15887
11995
9642
11913
9591
9346
8383
6677
-74
809
5447
4905
6755
6146
6313
12735
14790
14595
13586
14981
21011
20029
13911
14157
18880
19819
15973
11303
10872
12407
11792
6458
1879
4031
4848
1558
-702
291
2170
2905
275
-1473
-2723
-506
995
-9445
-13964
-16846
-18251
-14434
-17958
-17475
-18184
-15281
-10140
-12117
-10068
-12091
-2921
2094
-2212
-3932
-3221
4761
2174
-795
-1468
2537
890
-2226
805
2475
5107
650
3347
8505
5680
3498
2878
6230
2521
-3202
-3360
1251
-1889
-12258
-12287
-11161
-11275
-9772
-8677
-11408
-11165
-9196
-10158
-10712
-11875
-14009
-14053
-11184
-8171
-9657
-8445
-6832
-6839
-6920
-8393
-7536
-4772
-2513
-2089
-4053
-4317
-1700
-4614
-5873
-4811
-4858
-4931
-6175
-6642
-6057
-8271
-5232
-5191
-6939
-5633
-6484
-2216
-2104
-1221
-2108
-1658
2796
4417
1612
3075
8577
9372
8400
12915
15232
12235
16397
20878
20011
20710
16462
10459
12345
17955
16153
2646
2973
6500
1884
-511
-4036
-6683
-6217
-3641
-3647
-6726
-1641
-371
-4399
-4813
-1856
1659
-1224
2983
5771
6419
8046
8098
8779
8257
6661
6324
6822
6041
7264
7548
5485
3862
7492
8583
3267
-535
-166
2857
-1502
-4967
474
6026
6160
-1806
-2097
-1851
-2313
-2652
-5926
3325
6297
4612
8779
15759
17502
12228
13647
17055
16300
9908
11534
13734
10374
8043
5058
6124
785
1283
3756
687
17
-4201
1196
4441
-356
-6911
-10394
-1155
-2247
-9350
-11521
-12424
-10528
-8353
-9295
-10658
-8664
-6942
-6141
-9190
-8912
-8065
-7660
-7899
-11469
-10213
-7190
-6848
-9275
-8464
-7152
-8542
-9126
-8505
-6356
-5138
-6151
-4124
-2654
-2522
-809
-2089
-3004
-2210
-1352
27
-629
-343
1458
2570
131
-1642
-678
-836
-965
-5660
-9870
-9783
-7848
-6726
-10635
-11014
-10752
-8594
-8009
-8166
-8914
-8454
-2084
-2187
-2086
796
942
-1642
927
3981
3956
5306
7418
12608
9739
4467
4517
8873
7981
4646
2602
2097
1946
-622
978
-247
425
48
-1141
376
2494
1744
1126
2736
2959
1800
3458
3045
5160
6785
4907
7709
9039
7189
8714
12081
10084
10659
15183
16541
17575
16477
15698
16710
10922
9802
8718
7060
5539
1066
-2272
-5487
-8780
-12849
-17307
-19455
-18622
-13638
-10988
-14947
-11133
-7549
-7469
-8681
-1739
-1594
-6313
-4978
-3669
-1814
-8621
-9918
-10320
-5880
-3337
-1823
1704
2007
10674
10612
8727
12487
14369
12238
8229
10792
11236
11564
9214
5587
3420
4842
7615
2093
583
4406
4318
3116
-2295
-737
3187
3709
-1487
-2669
3710
3867
3056
-925
-2888
-2937
-4161
-6569
-7163
-6495
-4338
-6935
-9644
-8016
-7930
-8871
-11331
-10307
-8157
-8723
-10861
-10361
-9097
-9868
-11102
-10360
-10617
-11098
-9918
-10034
-9587
-10205
-7022
-7029
-5967
-6316
-7172
-2573
-4021
-2489
112
1061
-580
-470
5636
7448
5805
3589
7031
9099
6844
8539
9430
7596
3929
6051
7339
4389
2076
3460
3670
1448
643
659
2025
1894
3471
3912
5932
4692
806
1266
-826
568
-2969
-3281
-1407
-4087
-2706
-6398
-4750
-5200
-6805
-4650
-4766
-4845
-4613
-2684
-1310
-1365
1214
2079
2119
3897
9031
10613
6857
10663
3229
-2239
-1372
-7844
-5158
-6268
-5322
-2922
-3263
98
-394
-1837
-1052
8617
9310
8767
9190
8793
11923
8626
6812
8289
11576
10073
9870
10904
10366
11032
11989
15032
10682
9082
11284
10889
11566
6010
8144
8281
3852
-21
-12
-1826
-13031
-13547
-12144
-14668
-15940
-16961
-18276
-17350
-15843
-14866
-11725
-9456
-7593
-1518
295
-3021
-4266
326
8004
7248
4638
4984
10374
11130
6297
7589
10467
9407
5696
2825
3717
4415
-570
698
-1884
-5460
-3634
-2838
-4509
-4264
-3801
-7402
-6891
-6485
-6950
-6371
-5144
-3849
-1780
-2117
-1735
3065
4481
7417
8089
8824
10800
13017
14214
11140
12209
14578
15711
14240
12393
9023
5071
3849
1234
756
-1522
-6529
-8520
-9241
-11369
-11369
-9664
-11115
-11009
-8688
-8191
-9280
-9951
-8677
-5983
-5260
-4776
-2719
-3409
-2036
-422
-662
-3482
-3101
-4428
-5311
-1894
-4181
-3549
-2517
-1169
-2054
-2057
-4077
-2194
-1817
-3987
401
-354
-2878
-7096
-7712
-9466
-9919
-11362
-11603
-6710
-5707
-5886
1299
6219
1581
224
5031
10862
12491
10121
12434
20727
15819
10344
10523
12323
14426
10733
12153
10062
6707
7547
6743
3693
1648
-383
-154
2836
-2695
-6046
-7993
-8503
-6904
-8871
-11370
-9292
-4172
-7090
-8936
-8066
-6600
-4438
-6636
-7483
-6076
-3945
-2959
-5212
-7199
-6489
-4737
-3332
-7556
-10558
-8147
-7752
-6699
-5002
-5122
-3315
-3819
-7697
-6103
-5444
-5814
-8087
-9112
-9163
-9698
-8809
-8794
-7229
-2781
1262
4205
4143
4789
9710
11562
13561
13858
13584
12119
11494
12497
11906
10190
8933
7414
6100
8674
10177
9806
8623
8828
8418
9164
12762
10686
11794
12246
11664
11267
7701
7108
4868
5413
3007
1644
715
-2917
588
123
-2965
-1513
-937
-573
-3270
-3979
-485
3080
1316
-1816
-798
-642
-1345
-1038
-85
-1679
-3832
-2967
-3162
-3224
-1968
-2420
-1262
932
645
4225
3230
-14
1154
1113
1039
-2022
-3096
-5942
-8666
-12829
-19170
-19667
-20812
-18663
-14642
-18053
-15332
-13029
-16245
-10014
-2421
826
-3916
-8930
-4518
934
4115
3214
5320
7926
8010
7762
8694
10037
6086
5532
5345
5072
3037
4383
3182
-784
1660
492
-554
-1763
-3243
-5410
-3407
-185
-3456
-3949
-3906
-3538
-1426
868
1474
2401
1656
1534
1894
1324
5708
5301
5172
7435
8130
8267
8017
7990
8331
7354
7439
7076
5603
1562
1055
-1503
-5890
-5811
-9196
-8558
-6631
-10456
-13891
-13110
-11514
-11199
-16161
-16706
-13538
-12140
-10169
-9070
-9953
-7813
-4323
-4656
-5112
-590
3929
582
1894
1830
-2178
-535
1898
2950
3936
7588
8129
8257
16100
14270
10716
16478
18026
13424
12857
15310
15259
13663
14910
13217
12149
15993
13821
12296
12835
9594
7674
10130
9077
6444
6925
5535
7440
8986
8558
8905
6886
8437
7097
4677
3726
2113
3640
1680
732
999
-1319
553
944
-1879
-1128
-2991
-4112
-865
-5260
-14484
-15175
-12874
-19226
-23808
-24534
-19618
-13535
-16063
-12080
-8794
-9661
-6095
-5549
-4072
555
2326
1160
1277
1986
3644
3731
3251
6951
6730
7653
5577
1201
4803
6653
1445
378
1244
-768
-604
-4263
-3106
-3646
-4745
-4295
-6055
-3132
-5172
-5032
-745
-548
-1512
-1094
-131
-697
-705
586
-1358
1351
-94
-4696
-8380
-7559
-6444
-8634
-8382
-9883
-8086
-7039
-8293
-11295
-9839
-8383
-6894
-4066
-6780
-6631
-5091
-6615
-7446
-4710
-2451
-1054
-2487
-1837
-29
-1893
-5383
-4221
-2319
-3161
-712
-2293
-3978
-1654
1006
-1585
-2477
-1560
533
1404
3095
6639
2696
2156
5708
3025
2085
2506
4987
9620
8070
6913
8711
9667
4556
5842
6135
6037
5864
6573
7218
5196
5180
4564
2345
2636
4575
2643
1662
-2979
-717
-1618
-2748
-2692
-2833
1919
1399
214
2688
1196
2134
4746
6126
7109
8062
12993
11531
11976
10881
9156
11945
12021
5412
4612
3423
-224
3686
-3358
-7095
-7864
-7702
-8054
-10324
-10223
-10657
-4804
-1313
-6055
-8374
-2621
-631
-4214
-3791
-76
4888
3827
4120
4597
5771
9833
6781
6615
4823
8197
9130
6588
8792
3636
3968
8226
7008
5468
3760
1965
2895
343
-1278
-1968
-7675
-7437
-5329
-8711
-12137
-9773
-8871
-11994
-12507
-14188
-15920
-14449
-8149
-11341
-16350
-9952
-8040
-8640
-8516
-10068
-8614
-5363
-3748
-4348
-5843
-5811
-4602
-2844
-2996
-4596
-5925
-3719
-3017
-3271
-4584
-5918
-7535
-6584
-2061
-7352
-9404
-8128
-5107
-3146
-8494
-7515
-2024
347
602
1356
3908
5429
5883
7633
10901
11971
12229
14502
18387
18780
16748
20226
22336
21175
21204
20371
20220
19614
17582
15387
11722
7059
5772
411
-3108
-2523
-6454
-7389
-9042
-10974
-9601
-8266
-6843
-6631
-5628
-4661
-4278
-4712
-4998
-4021
216
1265
-1469
-450
-543
99
1290
694
-965
415
2966
4046
5120
1370
7
801
3244
1814
-5370
-8130
-8260
-12484
-17773
-27114
-23723
-13338
-14127
-13590
-6190
2694
3756
9236
10995
12018
15926
21945
23610
17024
16127
20434
23262
19038
17055
17954
19577
16325
15161
16720
18587
16470
11938
8804
6100
7575
2123
-356
-1927
-4618
-5855
-6653
-4730
-8870
-8237
-6285
-4749
-5096
-5600
-4444
-3878
-1782
-4396
-2507
-4543
-3467
-899
-1328
-5420
-10023
-6077
-6138
-5309
-5385
-5185
-2218
-4947
-6238
-6374
-9488
-9495
-10265
-11363
-9907
-10677
-11493
-12805
-13775
-9323
-9524
-10302
-8887
-8492
-9059
-5664
-4534
-7910
-7467
-5040
-1942
-4117
-4380
-1406
2571
2941
4583
7509
5020
8240
9496
10373
11743
7159
9589
8611
7250
6813
5214
5298
1718
4906
1244
-2818
-3938
-2867
-3457
-6698
-5183
-2534
-2326
-7587
-3902
-3494
-1500
-177
-1624
1215
2342
3901
1842
3001
3988
4222
4496
4585
4527
119
-242
2395
2418
1162
-264
-348
2422
3272
508
550
709
2195
2573
231
-5058
-8206
-8572
-7747
-10282
-14442
-11812
-12587
-12357
-13464
-11000
-6696
-1943
-3361
-4116
1479
2682
3705
7327
10361
7836
9524
8887
10551
9766
4037
6984
4980
-468
-1273
-3079
-4188
-3400
-8588
-13628
-10598
-3059
-3718
-8076
-5720
-4996
-793
581
684
-584
1717
6224
3240
3631
4188
4246
5637
5892
6442
1620
1956
5152
3829
3138
1937
5203
8689
5995
6278
9219
6973
7068
7768
4856
3076
2953
1767
536
-1843
-4400
-2585
-828
-2607
-5143
-5747
-4746
-1146
-281
-3535
-3673
-2486
-1747
-2044
-4436
-4312
-3303
-507
-2010
-4564
-3319
-2215
3065
-1176
-1261
6603
2335
1011
2230
5813
3311
1819
9108
7960
3077
1406
8999
7371
2924
2135
-3000
-4575
-841
715
-5527
-2929
-1044
-2839
-5801
-3820
-419
-3011
-2070
64
2477
356
1423
1785
1179
3491
4996
632
-593
2259
1578
3233
1242
-367
518
3963
6750
5315
3776
3362
3818
2265
2182
1248
-2725
-382
-3841
-12202
-15550
-12709
-5536
-9401
-15644
-11857
-7083
-6220
-4159
-3
-3216
-948
6047
7930
8569
6948
10082
11232
10847
8666
6394
5403
3390
652
181
-894
552
-63
-3032
-1720
-3417
-4031
-2820
-2601
-3340
-4093
-4965
-4190
-4779
-6033
-5912
-5598
-4958
-5953
-5287
-1872
-367
222
-2343
-627
450
796
-578
-2616
-2640
-5489
-2206
-6241
-2777
-2991
164
7466
1143
3566
7867
8762
6937
8236
12256
10788
8620
10192
10319
8247
8284
6775
5080
4457
5605
6181
3422
4415
6178
4370
4469
3569
2543
1271
751
2370
2227
-1149
-3437
1049
2492
-700
-2343
-2346
887
-76
-424
1973
715
1307
-990
2031
3278
-346
-2974
-3149
-1388
-4613
-3450
-3677
-1144
-1337
-3441
-2335
-4064
-777
-756
131
1401
628
1012
2919
4187
3208
2418
702
1420
434
-667
-4219
-4711
-3383
-3589
641
-2018
-3544
-90
3282
3420
1275
-729
575
1575
-2749
-11026
-17583
-20183
-9667
-6751
-13376
-12417
-14154
-4998
-6466
-7070
87
-4407
-4397
-1700
-85
88
-2298
-2482
3314
3044
-433
-1405
-4067
-2580
-3210
-4999
-7605
-7101
-5995
-7634
-5571
-5027
-5713
-4199
-6635
-4548
-1927
-2956
-309
-1220
-2642
-2073
-288
-134
1237
-292
669
3960
1752
-128
231
3946
3016
465
255
1889
5752
4361
1518
1578
4288
4296
4339
6066
5464
5361
7101
6622
4195
5288
2792
2259
5115
6221
6699
4812
7341
8613
7051
7302
5643
5378
3615
2431
-1919
-4989
-706
-3779
-7370
-8017
-5927
-974
-345
-806
2179
5509
8024
6539
8193
9837
8180
10497
11141
13639
13664
11976
10547
8347
10060
8803
5946
5474
7035
6294
1445
-1358
-210
-1728
-3072
-2530
-4365
-1946
-270
386
-1211
-5966
-3616
-2550
-2011
-2985
-4656
-3769
-6817
-5079
-3194
-6262
-6530
-5536
-6091
-1633
-4088
-4334
1471
-674
622
-23
-1887
2121
-8121
-14131
-7456
-12973
-12554
-12504
-10606
-5909
-12332
-12848
-6446
-7175
-10353
-8624
797
3206
-2872
1703
3077
2406
1922
-1720
-1751
1227
-1513
-3961
-2249
-1792
-1148
-2056
-3351
-3256
-4843
-7444
-6924
-6730
-7970
-7887
-6674
-6667
-8432
-8839
-7275
-5665
-4357
-5212
-4230
-3586
-4554
-3033
-2080
-1799
-1553
-1459
-3863
-1547
211
151
-339
377
3873
3830
2974
3292
2249
3081
5098
3963
5048
3230
4727
7316
6512
8437
7218
8459
11047
11620
11721
12271
12431
12406
13843
11195
8348
8669
7331
5153
6092
5752
3649
2840
4472
5572
5555
5615
7455
8973
7858
7618
7487
10558
9739
4686
7369
10258
7237
5244
8463
9646
3485
1158
1709
2840
-1267
-5268
-6160
-5196
-4859
-6138
-5513
-4552
-1454
422
-294
-1383
1359
4358
6052
9006
9026
7830
10850
10665
7797
9448
8203
4725
7418
8063
5104
4040
7765
6300
482
1720
3092
4346
6191
-1397
-13385
-14486
-11229
-11545
-14436
-12957
-13994
-12474
-3492
-4243
-5093
-2857
-4645
14
5099
5232
6507
1459
2586
5255
-798
-3266
-2111
-2798
-5307
-7088
-8021
-12885
-12096
-8560
-10349
-9257
-10877
-11971
-10472
-8764
-9607
-11523
-10049
-9058
-8131
-7312
-6759
-6803
-6620
-5233
-4291
-4478
-3209
-2283
-2556
-2504
-2725
-4978
-5580
-3778
-4003
-3379
-3024
-4488
-3346
-3915
-2079
-2963
-5213
-3926
-4207
-4596
-5845
-4840
-6330
-6620
-8097
-7731
-5559
-8324
-4792
-572
-806
-1369
1640
5685
5566
6241
8233
9660
9934
9183
8247
6343
5237
4939
5399
7204
4730
2068
4738
4225
4182
6391
6943
9234
10458
11552
10599
9847
10282
12601
13457
9335
10318
12391
9859
6025
6757
7702
6173
4568
6242
4119
60
3604
3194
2293
-1834
-3860
-1759
-2785
-4462
-3213
-1489
-3811
-591
1117
1182
193
1525
5480
2034
1965
2447
1418
3744
1895
1394
2790
-1813
-5995
-7229
-9608
-11581
-11126
-12076
-18161
-19386
-12146
-8074
-7234
-6549
1288
3449
2841
3510
7298
12377
5634
8890
15098
13398
9660
3208
2248
-3520
-3984
-3859
-6438
-9572
-12766
-10711
-7676
-8748
-12192
-8442
-8567
-4957
-8167
-10843
-8561
-6886
-5030
-7789
-7996
-7174
-6677
-7260
-6976
-6242
-4638
-5610
-6684
-5386
-6560
-4351
-3378
-6494
-2403
-4238
-4042
-2368
-3665
-3210
-3242
-74
689
-158
-542
35
-2599
-2863
-2381
-5021
-5327
-2879
-2057
-1239
-2368
-3405
422
2575
2162
-139
1322
2143
1975
4025
2177
802
1033
678
1391
2969
1990
1373
1265
2733
4123
3091
5365
9519
7773
6827
8322
10293
12199
13066
12819
10762
10296
10445
12236
8640
6827
8593
7183
11752
11276
5215
6379
9690
11264
8233
9015
13251
12102
11535
8754
6724
9810
7613
5751
4949
4325
5837
3185
2490
4182
1621
-4115
821
6793
4370
3431
6208
11228
5487
8222
12477
3979
7588
5220
-3594
-4485
-5649
-14575
-16799
-7466
-1554
-6847
-17653
-9141
-1377
1419
-2531
-5985
5898
14511
13304
8762
11785
12737
10459
7441
7399
996
-4514
-3692
-5885
-6859
-11993
-16272
-14482
-15518
-16622
-11280
-12044
-14531
-13793
-13576
-10662
-8311
-6300
-10076
-12186
-7520
-6164
-5465
-8226
-7172
-3508
-2455
-3085
-1592
-1073
-1960
992
222
22
-1983
-4421
-2761
-2993
-3095
-4447
-7109
-5844
-6641
-7489
-6872
-7924
-6445
-5630
-9209
-10534
-8322
-6276
-5358
-5158
-3340
-1792
1053
2002
1337
3042
2604
4538
6211
3937
-128
964
2317
-551
-660
716
2311
1028
1559
4470
5778
9249
9683
8249
9846
8838
9188
12133
11929
8850
9933
14255
12360
6887
3171
2550
4648
1839
-2379
-1070
-899
1498
239
221
2897
789
1719
2246
5737
5094
5404
7943
4220
6263
7110
6572
4440
5105
7056
2380
3366
4135
168
2447
6124
4414
3301
6140
5637
-1563
5538
7009
-10355
-13142
-10587
-4999
-2868
-5120
-2685
-8481
-3823
-1609
-3641
3586
493
2679
4300
3898
9672
4092
7191
9217
2530
2098
5614
7117
56
2371
-109
-5209
-1853
-2153
-3212
-7003
-7091
-8089
-9199
-8247
-8789
-9733
-10637
-11916
-12432
-16528
-13663
-12337
-15979
-11131
-13310
-15603
-12341
-11418
-12664
-14391
-12502
-12035
-17554
-17215
-15032
-14548
-11355
-12125
-11296
-9893
-8014
-8016
-7667
-6144
-6993
-5591
-5015
-4094
-2295
-2835
-3015
-2943
-2547
-1100
-1709
-3160
-2537
379
391
-2025
730
2234
-29
-545
2079
2788
3026
5924
5938
4388
4131
7610
6447
3890
7507
8944
9827
12619
15533
15623
15146
16352
13542
15608
17019
18027
20020
17204
15999
14815
11237
8407
10367
9171
7281
7822
7275
6286
5495
5391
3589
2477
4444
4948
2745
5814
5089
1248
2801
3986
2175
1069
3735
3393
2948
2570
1759
4146
5653
4428
4986
6012
7028
7712
7508
6576
1265
4989
6674
-3434
-12758
-11928
-10358
-6885
-4770
-10364
-9528
-8092
-8566
-6568
-1454
-256
-1039
-53
2583
6317
6798
5130
8876
10551
5499
5631
9395
8043
5712
1892
-584
880
1906
1819
-1984
-2679
709
353
-2230
-3303
-1100
-3156
-3837
-1726
-1985
-4169
-5900
-2748
-5061
-7023
-7949
-7499
-9050
-10680
-9262
-11897
-11075
-11064
-8363
-6605
-9576
-10996
-8078
-5735
-7873
-8890
-9054
-7973
-7631
-7314
-7494
-9395
-10697
-9427
-7049
-10071
-10444
-8782
-6697
-6539
-8574
-9682
-9487
-8080
-12069
-12391
-11072
-11202
-10175
-7031
-6082
-8344
-5770
-2853
-420
-819
2357
7225
9747
11160
10240
14122
17302
18292
16421
17502
17596
14458
16806
21361
18137
14145
16622
18202
15285
10644
8228
6988
13680
11343
6549
10788
13595
15010
12286
12650
13783
15058
12857
11166
14097
13535
9759
7745
6257
3668
3991
5390
1873
-352
1003
-447
-699
-599
-906
-721
2819
2717
337
3760
5686
2890
834
-1579
-11231
-18600
-15083
-11844
-15152
-11494
-8479
-9460
-9522
-7055
-6027
-4953
-3452
-5048
-3780
-7940
-6580
458
-124
-5742
-4498
-4126
-5166
-6716
-4532
-4059
-8534
-9487
-5571
-1193
-4635
-3677
-1477
-3876
-3439
-1590
-1248
-1648
-3835
-3472
-7548
-6488
-1557
-4685
-5303
-1327
-478
-3704
-1509
429
146
-254
-1109
-1373
-1677
-767
-3414
-1603
-1546
-4275
-5971
-5658
-6474
-9975
-8575
-6762
-8112
-10260
-9863
-10115
-9484
-10352
-8891
-8273
-12105
-10209
-7154
-8968
-11095
-9515
-7271
-8380
-7588
-6669
-8883
-8135
-4046
-3673
-5464
-4069
-4775
-3623
-2286
-3288
-2101
-2722
-1997
1620
4136
4456
3450
5852
7114
7110
8823
9844
12508
11951
11554
9599
3999
5141
10467
8214
5367
7121
7853
7132
7848
8040
7464
8504
12086
13518
13085
12736
12333
14490
15627
15848
13457
14735
16055
13734
11712
14287
12829
11746
13361
13373
13594
14942
17281
11158
15595
13814
6514
6389
4718
-1031
-6343
-6061
-11213
-9001
-3013
-7994
-9400
-6280
-3536
-1875
-736
2301
-742
655
3699
3413
3008
2794
1970
58
-816
-5982
-6735
-5319
-6941
-10297
-17633
-16581
-13167
-9484
-10562
-12739
-8831
-6415
-6447
-7575
-6903
-4011
-4712
-5063
-5327
-7609
-4636
-5288
-4548
-4211
-5170
-4642
-8012
-6923
-2841
-2205
-3800
-5502
-4568
-1192
-3477
-5076
-1302
-1966
-2851
-3139
576
2890
-128
979
2285
177
-674
-586
-273
-2512
-4067
-4727
-5264
-5641
-9412
-7847
-8392
-7702
-7451
-7133
-6622
-7235
-5299
-5076
-4571
-4809
-986
-1887
-1801
-633
-546
533
2930
3464
2761
3710
2412
6566
4276
3220
7551
8647
9330
10544
8420
9001
12506
7705
4275
6607
5451
3478
5650
6423
5287
2562
3069
2488
-4
1328
3015
1961
1733
3240
1925
1633
1613
5297
4310
1392
3338
1609
3682
4626
2048
1857
3113
4366
6003
3994
5620
11253
12497
12968
12771
12733
14946
10478
5161
6437
4030
3921
-351
-4528
-1370
3745
4281
-2823
1417
8122
6310
5186
8621
10160
7623
6128
9806
13829
10245
8522
6618
5496
2979
1242
-1867
-4195
-3537
-4541
-4435
-6240
-2468
-9087
-13257
-10142
-10989
-10334
-9946
-10504
-9762
-6292
-9243
-8631
-4869
-4455
-4890
-7122
-3514
-2335
-3153
-2866
-4252
-2582
-2931
-5069
-5638
-5394
-7268
-7020
-6818
-7408
-7520
-9292
-8569
-7841
-8415
-7771
-7307
-8201
-7990
-4588
-5520
-7263
-6438
-4334
-4273
-6133
-2417
-3055
-4205
-921
-873
-1561
-7
1924
2087
2143
1028
-1457
-2337
-907
-1972
-3998
-2614
-2308
-4289
-3393
-3033
-4421
-3431
-3293
-3126
-473
2097
2840
1461
2274
4889
3580
3230
2449
2362
5398
4455
3493
1821
-64
1165
1547
594
182
1340
2334
1194
2739
4181
3323
3570
471
2896
5891
2422
2612
784
713
557
-699
-1110
-1252
-1953
-3395
-1959
-369
-300
-1453
-189
-711
-709
-3300
-6261
-7585
-7117
-4039
-2435
953
2762
765
6584
10529
9175
7634
8312
14102
10089
7960
5757
7530
12715
10917
1616
-3252
-104
2473
5261
-343
908
1796
4196
1499
-611
8581
6834
4814
4791
2584
4186
2067
-3153
-219
209
-566
-2901
-3067
1895
-4047
-4969
-2015
-1053
-1834
-2061
-1017
-2122
-297
-1416
-3475
-4458
-3528
-2058
-1870
-3368
-5687
-5754
-8102
-7298
-6754
-10369
-9511
-9234
-9561
-7863
-6035
-8848
-9457
-6041
-4373
-7611
-5648
-2788
-4944
-5380
-5517
-1353
-151
-1202
-2241
-385
863
-3288
-3572
169
-1379
-2522
1499
3991
2886
2027
3981
1680
4050
7532
7443
7349
7770
12053
12876
11103
14474
16697
13611
11319
8690
9215
8055
5433
3922
2917
4608
1642
-1567
-1675
-2728
-2330
-2223
-4535
-1008
27
-1143
-976
-3200
-1931
-972
-545
314
361
1502
3883
4174
5501
6996
3897
2437
6986
5424
3719
5782
2556
685
-2290
-7978
-14423
-7691
-3419
-12553
-9086
-1091
4100
-2059
-4804
1128
2130
7001
5881
3338
7100
10224
3777
2818
4898
2294
4305
6531
4934
-516
-161
-593
-606
-1402
-4805
-4239
-3666
-3877
-2570
-5486
-6788
-3069
-4461
-4076
-2204
90
897
590
735
-559
-1431
3368
2839
-2863
-2050
-531
1390
1739
316
195
-3395
-3489
60
-641
2120
-570
-2185
576
442
-84
-2651
-2430
-3909
-118
-1498
-5062
-2182
-466
-1800
-4289
-5477
-5014
-1743
-3153
-5757
-4654
-5739
-5480
-5011
-7686
-7024
-4437
3
-4691
-4728
38
-636
2459
3521
3342
1283
194
600
-1295
1893
4807
3689
2874
4023
5118
7312
6521
4181
6309
7098
4945
4518
3356
5147
6411
-741
-985
430
2495
960
-561
81
310
3381
415
760
1452
2112
1566
1206
1130
2728
4032
3130
4610
4702
6139
5027
3112
5252
4301
2272
3482
1984
819
812
-2429
-5882
-8080
-10561
-13958
-15122
-11798
-8864
-12055
-9613
-5617
-7779
-6579
-4820
-1980
-1313
-3426
-3275
-480
1811
-72
-1312
1007
4553
3054
3268
5815
6066
4710
-2113
2112
4079
-287
1676
3224
2160
-2684
-1551
1299
-166
-3965
-5046
-3378
-2752
-974
-1278
-3883
-2171
1339
697
-341
-2016
-214
-173
-271
-1085
-3212
-409
-4440
-2674
-3069
-4981
-2803
-3043
-1805
-3635
-2203
-2518
-3542
-6112
-5042
-2676
-1529
-365
-1302
2375
3213
-2461
-8967
-7979
-6
-812
-4638
-5304
-2769
-946
-4525
-2798
647
109
1945
2397
689
4082
4350
2736
1936
1239
902
-1162
1858
3649
-1092
-2721
1820
6631
5865
5694
5348
7252
6507
1095
6631
9903
4802
3211
5469
5096
5876
5199
1959
4822
6595
3766
2508
2731
3928
2433
781
1380
-126
-1304
-399
-638
-330
-57
-1551
2010
2427
1790
4621
6398
6198
7059
6963
6013
7309
7473
7529
5301
1846
-930
-1753
-2225
-4796
-6219
-4258
-5324
-4254
2486
8959
8872
5340
7513
6927
8312
8470
3347
2383
3868
2105
-402
-2852
-6419
-1940
1772
-4673
-5979
-6620
-7910
-6183
-5977
-6911
-7860
-7572
-7353
-5997
-7599
-8889
-7384
-5452
-4207
-5834
-7219
-2730
-1138
-2020
-2248
-3430
-1250
-497
-841
212
-593
-713
67
-680
-2410
-3913
-4867
-5706
-5085
-3411
-2966
-4230
-3893
-879
-83
-885
-1730
-189
-379
438
-201
-3138
-2553
-990
-1321
-7990
-10147
-5049
-3564
-5915
-5675
-4635
-2915
-1660
-145
2058
5756
6977
5846
7855
10199
10073
7757
8227
9891
9088
9299
8528
9115
10913
10656
10596
7769
8894
9457
9505
7356
555
1127
5488
818
-4009
1706
4182
-1337
-1909
1685
2643
847
-869
-630
1210
959
-293
-664
-4749
-4666
-866
-2605
-2458
-1039
-3675
-4006
-821
2132
101
-333
3781
5966
5170
6957
8014
2059
3617
8113
-2668
-10172
-8919
-7927
-11771
-10517
-10470
-13953
-2779
712
-40
-2450
1241
10062
8045
5514
4006
6560
7633
4289
4528
7224
3280
2258
6994
6539
2085
-968
3320
2454
-484
-360
-296
485
-2042
-3674
-4314
-5244
-7414
-5318
-5461
-6019
-6438
-5078
-3660
-4138
613
-1021
-4070
-906
2863
-312
-2745
-334
-1622
-4297
-2350
-2790
-6730
-5115
-7269
-7781
-7695
-10332
-11137
-8043
-8623
-11383
-9961
-10274
-8178
-8202
-7368
-8308
-7328
-4821
-6602
-6081
-4026
-2499
-4692
-2833
-763
-3074
-3781
-4206
-1385
-682
-628
102
-2315
-597
-743
329
6110
2231
2166
3094
1847
3718
2866
3373
2309
5885
4545
3388
3927
3326
8113
9182
7248
7503
10858
8113
9839
11125
6486
6090
6207
8759
7003
2991
1845
185
3312
5355
1331
2955
6186
5024
3232
2076
4479
4147
4191
5353
477
59
-760
-6294
-8265
-5351
-3704
-5009
-6332
-5753
2143
-284
1622
2169
-7337
-3512
-7530
-8447
-2085
-9784
-8415
904
1036
-3011
-1368
9619
9542
3892
2754
6555
7327
5399
5212
1150
3327
5936
5604
2280
2694
2466
421
3573
1788
675
680
3982
5469
-441
-626
3668
2275
-3784
-1192
1763
-2491
-2229
-1678
-2305
-3946
-3191
-1343
-1109
-86
-1631
2627
2674
-1679
-679
1893
1281
-149
351
-66
1349
1210
-602
291
2007
1467
8
-1515
-319
267
786
-6
-1163
-521
-1394
-3122
-4061
-4478
-6622
-5710
-3521
-7164
-8893
-4405
-6300
-9132
-6202
-5963
-7055
-8203
-7133
-4697
-5522
-3680
-2628
-3963
-3332
-2665
-4554
-7184
-3173
-3778
-5770
-2512
1025
1162
-2973
135
5665
8406
8811
9535
11789
10805
9711
8706
8769
7516
4888
5543
1227
-4689
778
3313
-1828
-770
2350
4690
3621
3819
6223
6681
7891
6060
6634
5323
1736
3098
5644
1993
2820
6863
2979
2058
4951
7947
6368
6244
7461
8058
3230
3334
2851
-10791
-7267
-10441
-12815
3481
1779
-7205
-8645
718
7701
5369
309
251
5193
761
-5757
-6324
-3634
-5266
-11705
-14553
-8693
-4827
-9935
-10150
-7044
-3276
-3587
-3313
2668
3218
1170
-1408
172
-48
-1523
-3355
-4958
-4442
-3887
-1213
-3901
-4719
-537
-122
-2923
-1319
2744
996
-594
738
756
-1780
-1832
-666
-2113
-2722
-2817
-1829
299
90
-172
1899
2350
3062
1718
4956
6212
4226
3611
3933
3434
1762
3836
1331
709
2801
2560
681
1924
4117
4249
2618
3666
3327
3469
5153
6069
5338
3849
4042
2842
3651
5075
3558
1521
3521
3502
1703
979
-896
769
1665
-3031
-3714
-1135
1900
1194
636
536
-1314
-742
-1425
-867
-3851
-5660
-3813
-7921
-7815
-7082
-10272
-7608
-6502
-9942
-11153
-8369
-5984
-7404
-7127
-7271
-5825
-3092
-3975
-2360
-2534
-1406
540
-1023
368
-16
279
2976
2262
1451
2384
4363
5110
3759
1902
-2809
-4809
-780
-5756
-7640
5150
7588
-3694
-697
6951
4163
2673
5210
14603
8972
-730
3881
7256
4751
-552
1609
3430
3762
2749
-2016
14
3052
1864
713
-239
2949
1743
-1388
-78
939
-1344
-6148
-4340
-2838
-8878
-10885
-6727
-7834
-11087
-12635
-12055
-7414
-8449
-11155
-11624
-6641
-4560
-6101
-4729
-4123
-2674
-3620
-5482
-4023
-622
-3905
-3561
-1227
-2416
-1295
-113
-42
319
493
2059
5279
3850
5929
9231
7016
6529
7507
8035
6651
6034
7912
6997
6752
7446
4688
4677
7416
7948
7545
7457
7332
8607
7891
6978
7539
7210
6311
5370
7267
7263
5983
5326
5842
7835
7695
8275
9483
11002
12776
12975
5408
3979
7092
6884
5752
2883
1891
1609
2086
-309
-445
1532
1964
1511
831
474
393
-1941
-1312
-2209
-3712
-3713
-6342
-5708
-6024
-7369
-7801
-8733
-8872
-6571
-5997
-7137
-6329
-6555
-8410
-6490
-6035
-8214
-6417
-7665
-8933
-12672
-19181
-18033
-10276
-3638
-10142
-15820
-2956
4758
-3976
-6634
-254
4443
1108
-414
4685
2684
1705
5999
2966
2562
2610
484
820
1067
61
801
-377
-1462
160
-1059
-1519
-3302
-2543
-2048
-4182
-3080
-3086
-1666
-1824
-2394
-2083
-432
-1813
-3940
-2713
-2725
-2708
-4436
-4174
-2889
-1664
-3534
-3016
-1343
-3360
-2222
-2660
-3654
-4271
-2121
2826
-2487
-3280
-3552
-5006
-2867
-4609
-3706
-7112
-9664
-6624
-8289
-10439
-10566
-7658
-2392
-4191
-2112
-8
3884
7359
7251
8914
12494
15291
13189
13493
16309
16228
13602
12204
9039
11901
11374
9934
12996
9477
10898
13316
12547
13676
13813
16110
16146
17039
16782
19583
18438
12003
13863
14549
10294
5371
6292
8692
5281
2962
3288
324
-383
-1140
-216
604
108
1703
1926
502
-2502
1960
1955
-498
1247
52
-1672
-1702
-1191
-2738
-598
1284
-1133
-1421
-942
-3372
-3865
-1755
-235
-2806
-6683
-7264
-11829
-14772
-9311
-16142
-16548
-6733
-8307
-11562
-12134
-5649
-6768
-10008
-6657
-3552
-7008
-10041
-9272
-8423
-10573
-11402
-9787
-11990
-12697
-10637
-10511
-11831
-12657
-9105
-6374
-10216
-11762
-9054
-6589
-11175
-11310
-8657
-10234
-11103
-9384
-7012
-6993
-6251
-2809
-2995
-3159
916
-1635
-2831
-1041
1830
3412
-711
-285
2531
3682
1337
-1258
2335
2669
-942
-1117
2047
2262
288
858
130
-807
1525
1759
-2342
-1006
2516
-774
-3303
-293
-177
-1380
-1389
531
-2419
-2381
2105
2724
3597
7817
10577
11286
10755
8977
13136
13134
10286
12948
9315
8936
12489
5659
885
-569
5119
7494
1598
4502
9399
12777
11473
13354
14543
8460
8940
9564
9601
8851
8203
10795
10612
6108
6281
8817
4318
4996
5513
5190
7934
3525
-815
753
3583
1198
-2029
2186
4975
857
-1742
2936
6542
3148
3040
6046
7956
5563
5299
6635
5062
5638
2159
30
-3007
-6476
-12313
-11316
-7100
-11713
-10400
-6483
-3029
-2536
-160
3434
207
619
1987
2636
1928
-2687
-1439
-2432
-6958
-6662
-4950
-5040
-7090
-4118
635
-4095
-6405
-1040
417
-1550
-7199
-8534
-9036
-9944
-9729
-12423
-14669
-14017
-12680
-12926
-12341
-11084
-9965
-8988
-7794
-11006
-11687
-8192
-9589
-11611
-9736
-10059
-11782
-11769
-13912
-15523
-12487
-9706
-12487
-13086
-9433
-8972
-10066
-7111
-5716
-6176
-3707
-1439
-1366
424
1544
2228
2106
2445
4197
2025
2267
746
2077
2331
2608
4222
2625
3401
3167
5119
8240
8856
6744
6383
6277
7167
8317
8180
10069
8299
9314
12295
11010
8348
10385
19015
20681
18096
20558
23107
23745
21694
21072
19970
17264
15881
14999
15452
11392
8446
8138
9807
12273
10892
8164
11290
10732
10844
9654
5382
7888
5210
539
-237
-1072
-3587
-6699
-4115
-951
-5016
-3677
-518
3214
3754
3531
6413
8263
6847
5610
6886
5867
334
-4947
-5114
-9516
-17721
-14574
-9865
-13891
-8509
-503
122
-3481
2075
7537
3178
225
2799
4113
958
1891
2802
-5525
-8636
-3688
-8805
-13874
-6947
-4466
-7786
-7281
-4777
-4404
-8334
-9403
-6749
-7705
-12522
-13007
-13084
-13500
-14602
-14086
-12905
-12634
-10396
-12193
-9075
-5815
-8763
-9199
-4808
-4607
-8021
-7729
-6907
-9716
-11386
-9452
-11790
-14592
-12428
-10709
-11913
-11593
-9328
-8576
-6635
-6290
-5747
-3141
-3425
-2496
-1451
-1325
-130
-2900
-3871
-1928
-4737
-2434
-353
-5946
-4491
-1586
1040
416
-3554
835
2296
1431
-1681
711
3892
620
1738
1086
511
2537
3875
3641
5501
6437
7364
8613
9508
11512
11167
13041
12770
14013
16258
16481
13262
12718
13358
12744
12872
10282
8255
8353
9897
8661
5916
2026
4090
6106
2059
1383
4931
3561
3067
5232
3488
3177
4254
3428
3019
5871
4478
2468
5204
5520
3641
5998
4060
-1378
2956
9231
6736
187
1397
1384
-5171
-7848
-4186
-9226
-5457
2930
-4096
-9061
-427
8414
2752
442
4743
9847
9080
6471
9371
9631
6717
8425
10007
5686
3252
4336
3700
3541
542
-2014
-1726
-1842
-6257
-9305
-8620
-12121
-13580
-11285
-13832
-13313
-10427
-12163
-11958
-13070
-8768
-10862
-10808
-6023
-5679
-6503
-7674
-4036
-5227
-7398
-8932
-7519
-9715
-11081
-8721
-12042
-11815
-9123
-10967
-10902
-10133
-11052
-10110
-6071
-5700
-6794
-5875
-6544
-4244
-5206
-6255
-5256
-4550
-5164
-5749
-4129
-3620
-5683
-2869
5895
1097
-2654
3285
5847
3342
2786
7003
6350
2607
1715
4191
2278
2699
6792
6355
5098
6426
10587
12034
10836
14261
14232
13187
15869
15879
11895
10368
14281
15320
13531
11773
8839
6837
8674
10255
6668
7461
8515
5678
4920
3653
2535
2627
5082
2032
-570
2113
-313
-2107
-90
230
-1051
23
4672
5084
2879
4072
3817
6626
9402
6339
4840
5658
8274
4959
472
-1176
-6898
-11161
-10690
-11959
-7833
458
-1379
-1825
-176
2830
4259
5586
4835
4676
7007
2845
2985
4842
2773
1197
2133
1931
437
-1953
-1311
4060
-1563
-4768
-898
-3682
-8373
-10723
-10024
-10267
-13417
-16116
-10758
-7773
-6936
-5420
-4301
-80
-793
914
3879
3562
2353
2678
5685
4642
2303
-4
288
-2550
-5493
-4154
-6561
-7686
-8819
-8802
-8527
-8487
-6677
-7225
-7463
-8368
-6492
-7668
-9584
-8452
-7957
-7233
-8786
-10636
-11560
-10004
-8412
-5636
-5718
-5164
-4284
-3164
1149
-2436
-2440
3044
1569
-360
3081
2723
-89
-1247
-1789
649
309
-1942
-148
1973
1543
4714
4642
4490
7893
10242
9345
6405
9504
11125
6949
4226
5022
2847
-1590
-2434
3961
4647
2882
3819
3576
6007
5051
5635
6617
7845
8049
6148
7128
4436
1182
3797
6228
4710
4323
4978
8981
9771
6914
9333
9716
9461
9317
10228
8642
8327
7585
2577
43
-4678
-8010
-9247
-5577
-6759
-7249
-3220
-11213
-11982
-3625
-524
-2477
-3925
429
5700
2465
-3693
-2955
2761
1780
-372
1554
551
1338
239
1033
2145
-29
-2174
-2552
-3192
-4907
-4753
-6998
-8853
-6571
-9778
-11603
-8458
-8538
-9911
-6906
-5777
-5727
-5074
-5887
-3587
-4336
-4434
-3124
-3259
-2699
-4933
-4313
-3138
-5952
-10288
-10193
-10187
-13879
-12917
-11288
-12741
-8703
-3876
-4272
-3675
1770
3155
2637
5445
6685
8910
7254
6243
6371
3948
3524
2873
2056
2620
2292
879
2501
2291
480
5027
5912
3564
5353
5834
2834
618
834
1233
-1381
-1653
1519
1764
3892
2876
2017
6698
8666
5942
5205
7879
7893
4863
4422
2776
-4474
-7303
-4935
-4993
-5073
-8283
-10306
-6692
-5972
-5849
-3892
-1762
2239
3869
1928
2808
4946
8292
6571
5666
6336
7160
9566
11119
10689
9429
8421
9359
10389
8616
7773
7203
6835
5721
2878
-1743
-2096
-978
-2061
-722
1154
2937
11006
10778
7282
8701
6711
5173
4649
2836
2177
-2730
-5353
-4374
-5542
-5167
-3819
-3137
-2458
-1628
-126
2672
2499
2919
2000
-167
975
-123
-2798
-3504
-5191
-5323
-4223
-2878
-3991
-2134
1016
-1703
-720
-421
-3486
-4605
-4022
-5973
-8631
-8059
-6005
-8630
-11789
-9367
-7772
-9926
-10392
-8905
-9641
-9485
-10453
-9323
-9322
-10088
-8491
-7975
-6349
-5619
-5730
-5329
-3745
-2324
-877
-752
-1422
23
338
591
-917
-1237
-1053
-3758
-4240
-5583
-6338
-3541
-2165
-211
413
2286
3327
5770
10426
9203
6094
10562
14988
14870
15212
20825
20912
17392
20595
14656
11687
13691
15052
10948
8903
10434
8121
8473
4705
3374
3680
2630
1364
-2239
-335
2685
2647
3029
2449
835
2244
1901
-580
2590
2324
-1075
1291
4225
4978
3297
4603
8379
8392
9363
7355
5631
9272
7853
1840
-958
-2010
-4870
-12409
-10945
-11479
-18883
-8583
-2485
-3552
-8405
-5939
1563
-2218
-2498
266
3921
2104
-2583
-1294
-763
-2925
-1370
-1946
-3012
-3219
-3800
-1646
-1857
-2589
-2470
-1292
-3702
-4942
-3208
-6891
-5284
-5015
-6505
-7365
-7059
-6925
-7497
-6653
-5684
-5808
-7301
-6403
-7873
-9274
-7030
-7217
-10920
-10761
-8041
-9915
-11897
-12700
-11067
-7909
-9850
-8222
-6858
-6809
-4954
-6462
-6903
-5855
-4822
-4211
-2822
-4010
-2275
-789
-2626
-2196
-2229
-1883
-1361
-1896
-408
508
11
1029
3311
2172
51
2344
3909
2755
2832
4656
2802
3911
4965
4495
-498
-1801
1123
521
4541
4345
2766
5084
10060
7571
1640
4828
1574
-2668
-1190
-2263
-1037
-3575
-1240
1968
2381
-1307
1731
9162
4024
5279
8667
9984
10598
11800
12899
12968
10553
8332
7217
4886
5146
3434
3043
2403
1185
3989
2116
6145
9490
4994
8842
10396
9106
8772
6915
5167
2631
-703
-2925
-8104
-7964
3369
4294
-1504
587
6586
5108
3372
6641
8426
6342
4450
6206
6888
4139
2320
2821
5007
3749
2037
4985
3708
2118
1460
1674
610
-3419
-2054
-3339
-5256
-5700
-5484
-4939
-3563
-3235
-3380
-2731
-522
1218
-285
847
-917
-2733
-3332
-5071
-6002
-7421
-8655
-11820
-13232
-14550
-16047
-14467
-14609
-14339
-16405
-14948
-13309
-13401
-9133
-10525
-14833
-12259
-8894
-10583
-9545
-8106
-7714
-6494
-6203
-6053
-5842
-4447
-1779
-3045
-4503
-2493
274
3096
2665
1064
2620
4307
3302
1801
993
4803
4352
475
1671
2892
448
3967
7875
3714
2858
8394
9591
8474
9998
11581
12534
10345
10713
9778
7897
7036
4515
4288
4696
3010
5019
6942
3148
5709
8488
6550
6124
8756
9766
7218
6243
6177
1391
-1661
811
902
726
-861
-1115
3687
6088
6902
10641
14128
14496
18249
17776
11886
11371
8035
7528
4139
1359
-170
-1295
9081
7163
-599
3527
6070
6239
4591
3358
6559
6771
3429
1663
3030
57
-1357
-2436
-1107
2083
-2407
-3867
-64
-626
-5581
-7097
-7399
-7454
-9524
-12523
-13302
-10037
-7707
-9207
-9010
-5891
-3977
-5637
-3169
-1989
-2426
-3778
-5851
-3534
-5416
-7980
-7066
-7914
-8744
-9288
-11513
-7917
-8674
-8537
-5400
-7551
-6925
-4273
-1025
-565
-2160
-2991
-2689
-1821
-5857
-7508
-4460
-5450
-7262
-8677
-8375
-6254
-5711
-8161
-7959
-6598
-3730
-2722
-6452
-6236
-3033
-3521
-7557
-6849
-2872
-3654
-4991
-3008
-2213
-1186
-2468
-2259
2395
8168
6650
1665
2946
6537
10142
5735
5326
9512
6011
3442
4671
2903
-150
1512
-57
-3624
-4238
-3287
-2612
-2736
-3141
-3456
-1657
-3806
-3148
2626
2725
3545
4049
3005
2238
3574
5390
1725
5152
7095
2661
3906
7981
6976
3645
8251
8839
3219
4346
5006
-5364
-10623
-2496
-12529
-18227
-8481
-5713
-10606
-11611
2017
6847
3123
1615
12089
18580
14337
16637
18236
14970
15552
19828
16299
13024
14866
15105
13024
12560
10038
5505
5999
2502
1617
581
-3079
-4095
-4232
-4109
-7045
-4878
-1670
-3047
-3879
-2636
-2478
-384
-396
-3817
-3223
-2650
-3954
-6960
-8113
-6622
-8117
-11098
-13109
-11582
-10982
-10935
-7474
-9874
-9714
-7308
-7797
-8723
-9931
-8290
-7873
-6401
-7950
-9460
-8696
-7889
-7106
-6345
-6146
-6510
-4819
-1659
-551
-385
522
635
394
609
554
-756
-807
235
-248
-459
-1098
-3184
874
3033
4539
1987
3530
11281
8483
3712
3734
4346
4932
7253
5266
2032
1620
-382
-1971
2275
3837
1174
106
370
3307
1969
1009
6864
7093
-1176
-128
5797
3036
2153
2814
1741
1720
4725
4087
3696
5959
6356
5367
5891
6094
6184
8124
8205
7234
6163
4517
-348
-3601
-3947
-4502
-8707
-2086
2773
-2465
2261
7044
7878
4849
6689
8154
8417
11067
7680
9886
11797
8280
6524
6950
7748
5522
2189
753
-57
-4066
-5798
-5879
-7667
-11865
-9626
-4208
-7381
-5799
-2203
-172
477
2099
4854
5679
9696
9404
7521
6269
4225
5366
6997
3504
1238
137
214
2503
-863
-1707
-1604
-2963
-795
-1690
-2921
-2229
-2559
-2475
-3770
-4042
-4903
-5942
-4426
-4065
-7077
-9019
-7709
-6253
-9433
-8872
-5759
-6334
-5997
-6493
-6594
-7041
-5699
-8395
-10027
-9164
-10452
-8121
-8325
-10339
-10618
-7470
-8448
-8194
-2035
1179
2531
4222
5306
8366
14510
14020
11210
10999
12718
14178
12680
8120
8333
8195
5515
3844
749
-211
-121
-1903
-2168
-1147
-3147
-7608
-8314
-4356
-6772
-10195
-5839
-6680
-10506
-7449
-7253
-6489
-6622
-8680
-5697
-5370
-4621
-2562
-3492
-2597
-3150
-2291
-1439
-4564
-9310
-10306
-8012
-10141
-7811
-6096
-3863
4420
6050
5129
6078
8432
9922
7304
6273
9918
7342
2941
3229
5535
5795
5338
7309
5764
5511
6755
7453
8794
8931
8310
8661
7203
3282
564
1138
1838
1437
2273
1346
-50
-1616
1251
2301
230
-1456
-3333
1216
-3787
-8462
-9938
-8186
-6300
-9414
-9905
-10872
-6178
-2112
-4428
-5388
2493
6427
4294
5545
10086
9462
7827
10725
9689
8382
7760
6042
5075
5603
3680
269
99
-1691
1118
-1362
-4998
-1181
-2639
-5414
-6192
-5864
-7906
-6795
-4638
-7648
-8930
-7279
-5968
-8614
-8492
922
779
-2622
-1814
-2161
1900
2658
917
-1056
-2875
654
-579
-4910
-4530
-2093
-2256
-4506
-2836
-3053
-668
2082
681
2607
5243
2672
1532
7615
7505
4110
5198
8042
5603
1601
1819
2470
21
-1083
-124
-3514
-542
-29
-6527
-3358
1862
-890
-1537
-1758
-5228
-13253
-7646
-5797
-14633
-6433
1465
-2385
-9680
-4110
3018
4345
843
3202
7769
6784
4274
5685
7134
3124
4422
5494
4198
1647
3608
5352
2447
1532
2045
801
-314
-329
2042
2709
556
1856
5950
2724
1282
4753
5467
4768
2063
2601
4394
2348
-1168
-431
494
-2225
-1959
1320
241
-2457
-358
-3317
-2948
-802
-1217
-1530
-2354
-2390
-3568
-763
-665
-1702
-589
-1303
-2289
-1201
-2906
-5540
-7848
-5361
-2788
-7872
-2684
2200
-130
1065
1996
4053
7802
7571
8610
9616
6901
9223
9834
6651
5126
5480
2675
-626
3653
5855
4661
6791
9779
4943
4660
9549
8817
5684
4737
5160
524
-2462
-2833
-595
-2017
-3809
-4173
-5211
-5094
-5520
-3923
-3049
-3670
-2844
-1614
-3063
-1246
-1639
-3963
-2557
-3131
-1481
130
-4152
-4005
-554
-1358
-1507
-483
1632
465
271
5575
5245
2748
-477
-3372
-3902
-2272
-6583
-11774
-6116
3855
752
-10228
-4711
4456
3729
-1749
673
3327
607
612
1388
-1998
-4616
2253
2283
-2328
-4661
-6234
-5994
-6075
-5440
-9754
-11498
-9221
-9103
-12319
-11331
-7701
-6495
-6808
-6226
-3298
-2454
-1059
1446
2463
-968
762
3939
2072
631
1214
2250
1435
1301
212
1533
1051
816
3367
3031
2445
1237
3338
4173
2318
4310
6375
5482
4819
6662
8050
6802
6308
8495
6058
4964
4954
4170
4002
3690
3520
1295
762
1439
952
151
2215
1469
534
351
-2260
-5903
-9782
-9868
-5934
-5222
-4723
-1441
3370
5712
5285
11230
13730
10730
11127
13941
12136
7793
8546
10036
6325
4664
2242
-1665
452
-1486
-1803
-709
-1375
22
-2178
-16
224
-1167
1008
-441
-3748
-3518
680
-3356
-7170
-5445
-4730
-5474
-5599
-3721
-5231
-4478
-2481
-1590
-5005
-9190
-10802
-12912
-16570
-17628
-14817
-11728
-10375
-10514
-4923
-5471
-6574
-1201
-1027
-1153
3239
6473
5547
3931
1257
2011
3353
104
-945
-2749
-3366
-3750
-5354
-6613
-5429
-7114
-7486
-3520
-8322
-9025
-7059
-6067
-5997
-7439
-4524
-6224
-6352
-2375
-1102
-5854
-6212
-2606
-3220
-1836
-21
785
-618
2104
2962
831
1430
1533
786
-112
1583
773
401
1821
277
-292
-1258
834
3770
4498
3196
6996
8874
6058
6340
5194
7450
6669
4573
7248
6034
2520
3558
3643
2256
2564
2650
5180
6893
4363
7918
7805
4784
7205
7751
8327
11178
12917
14498
12845
11654
16026
15872
13134
11293
13562
11848
8205
7308
4233
6397
3692
-2930
-6342
-3366
-2538
-10952
-10416
-7032
-4316
-3323
-2328
2368
1575
3300
5769
4901
6493
9156
8967
7755
6992
3102
3142
5615
-522
-3327
1119
1201
-3489
869
2278
-11061
-14288
-8399
-12317
-17701
-11196
-5865
-6230
-4245
-3818
42
2520
3992
2473
2422
4800
2759
1732
2246
3666
978
1252
2425
-2107
-2434
-669
-2354
-3386
-2072
-2233
-6698
-5576
-2829
-4206
-4642
-3935
-3613
-4094
-6067
-5392
-2940
-4948
-7178
-8560
-8684
-10261
-12751
-9847
-9489
-10851
-8827
-9537
-10383
-8092
-3896
-5364
-5466
-2587
-1608
-957
-2395
194
2729
-206
-2696
1313
1910
64
2987
2084
209
2304
3238
1200
3437
4199
3293
3450
1893
1345
1523
673
-2066
955
2570
-2383
-3482
3789
1562
-5829
902
6396
3982
5552
8952
8640
9371
12499
13921
11209
11383
11546
11261
9373
5268
5993
4832
4596
2990
1426
2621
2610
944
3416
6783
4194
4630
5488
3560
4066
5542
4915
4114
2977
981
744
-152
-2053
85
-1618
-2553
-1761
-5166
-7829
-8724
-8002
-7607
-7826
-6044
-3119
-9973
-13095
-10538
-10412
-8847
-3534
3222
5335
4453
3846
7614
9891
8441
10650
9972
8036
8315
5862
4193
1913
2660
3284
283
288
2158
-3513
-3989
-2193
-4005
-5588
-5929
-8010
-8248
-5186
-6589
-8303
-10042
-8975
-6353
-9883
-10327
-6338
-7620
-10105
-8703
-8824
-12779
-10131
-9249
-13380
-13413
-9701
-10230
-10820
-10096
-11350
-9710
-8040
-8193
-10735
-5740
-1471
-2875
-1487
-966
1548
2827
1489
927
1189
376
3370
2874
741
3020
4323
3685
2243
2853
4006
1488
1819
5309
680
1253
-730
-637
2613
-826
-861
-80
1389
-1353
566
7088
7915
7658
9808
13426
12856
10381
11435
9859
7304
7272
6274
5355
2598
2017
3773
1827
1392
4368
4453
5509
5014
3051
6905
9974
6066
3872
7143
6110
4915
2532
2927
4033
-161
1763
2832
2951
2947
3026
4871
3160
2949
5886
4316
407
220
-8055
-11888
-10992
-11031
-8653
-10638
-2934
1783
-4121
-2392
1806
-1278
-1412
-3079
-4503
-4478
-5735
-4542
-3669
-2390
-4147
234
2545
2416
5525
9037
9858
5335
5289
8890
9374
3627
5178
5849
727
-1546
-223
1648
-1457
-503
-2402
-1909
718
1744
944
-207
-169
-2697
-1658
-1036
-3492
-4212
-2986
-5188
-8175
-3990
-4585
-9012
-6806
-7484
-10870
-10399
-7483
-7331
-7811
-7453
-4800
-7518
-4399
-234
-5245
-1243
955
-261
2630
3105
1514
1577
4716
3172
1593
3862
1676
-1182
-778
702
-1437
-521
2954
-1510
-775
5513
5006
5790
12728
13650
9572
12402
14319
13252
8693
6993
8950
5902
3358
3019
1162
-3548
136
144
-1934
1132
1488
1048
1204
1972
231
2575
2239
2851
3064
2892
3052
-1027
2144
2029
-58
1005
1034
2946
5267
3170
1644
5893
6294
2346
3994
7006
-2541
-8808
-8177
-11562
-11911
-8596
-5684
-10351
-9534
-6
303
202
-187
-859
4880
6593
6376
8487
5620
4180
6749
5521
1471
1993
1678
-1889
-2976
-83
-2683
-9009
-6588
-3727
-8788
-10584
-9490
-13132
-14378
-16638
-16651
-14492
-12645
-13832
-14430
-8970
-8316
-7274
-7035
-1795
1573
1598
3758
6038
3759
-1415
1515
1412
-1917
-2219
-3009
-4265
-3601
-4735
-5837
-3479
-4265
-4220
-1882
-3735
-3503
-4368
-5405
-1855
-1624
-3397
-1900
-23
1805
1306
2040
5452
4952
3495
3833
6123
3808
3028
4225
-1035
-2658
-1123
-723
-1915
-2325
3976
7208
4742
6692
14450
18494
15606
12875
13966
14503
9596
4865
5952
4953
1868
1519
1880
-439
-607
1500
-409
1069
1073
2242
3432
3046
2370
-298
1289
1630
2675
311
-1683
2592
1234
355
-121
259
1262
618
2235
2302
2691
2005
3739
3805
1510
2400
-5284
-9899
-7185
-9146
-8204
-10318
-7215
-4870
-7243
-2189
1045
1310
3280
5522
7187
7003
7697
8413
5375
7497
7641
3262
2409
272
1668
-1506
-8222
-4247
-4998
-8382
-4513
-6822
-6376
-5272
-7956
-5303
-6801
-6354
-5421
-7110
-6368
-8727
-6319
-4538
-8297
-7717
-6144
-6016
-6901
-7530
-6170
-8144
-9690
-9544
-10959
-12617
-15459
-16192
-15696
-15192
-15738
-13552
-6832
-4538
-4038
-1710
2234
6572
10604
8738
8295
10301
11127
11531
6873
5284
4677
960
-2615
-498
-1761
-4030
-2051
-317
2198
-46
1320
5003
3264
4383
7405
9033
12172
11922
16713
18880
14373
17008
21431
19370
17200
16854
15182
14487
9561
5603
5627
6616
3811
-1887
-228
2518
-2012
-2750
3364
5026
1434
2794
3803
4695
3973
2197
6066
4012
1449
1423
2055
1552
625
3676
3077
3255
2863
3594
6010
3503
2649
4705
1554
-3556
-5894
-9195
-11501
-12599
-12806
-10438
-6995
-9439
-5816
322
-2822
-2701
3659
7168
6302
5686
6579
7701
5511
4246
4539
771
0
-1039
-5946
-6577
-8673
-8563
-8224
-9560
-8679
-9282
-7553
-7717
-7361
-6254
-7668
-7108
-7023
-7246
-8021
-5556
-2589
-6286
-6186
-3695
-2735
-3682
-4951
-1540
-4502
-6956
-5870
-5776
-8678
-10917
-8095
-10306
-11734
-8302
-7292
-6744
-4511
-3745
-3115
-4934
-1934
1523
-45
2193
2361
1383
2190
1839
-217
-2785
-6794
-13317
-11648
-10446
-13050
-12412
-13559
-8944
-4669
-5483
-1074
215
4407
9953
9434
12212
17595
17648
21041
25824
21845
20919
24656
24603
20486
16975
17078
17574
13628
11934
11371
9634
4441
5063
5830
2547
5104
5857
7477
7845
8476
8411
6568
6032
6265
5918
2852
3552
3719
3217
3781
2745
325
2022
5410
2400
2940
4560
6362
8052
4137
5395
5588
-1833
-3388
-9970
-10592
-7359
-11797
-10937
-8193
-5648
-8189
-5648
208
3352
5595
5733
5929
5245
5738
4273
2781
2482
-803
-3864
-2838
-3941
-8376
-9899
-10510
-10500
-14923
-13261
-10300
-11706
-13256
-13765
-11922
-11696
-10329
-13163
-13564
-10962
-10596
-12129
-11603
-9600
-11174
-10237
-10193
-12082
-11973
-9233
-7420
-10535
-9983
-10645
-7248
-6444
-10394
-8842
-7382
-5636
-7426
-6672
-3294
-3472
-4907
-4526
-2034
-4078
-5702
-1825
-3368
-3082
-1271
-1155
128
-339
-492
-961
-2351
-1919
-1328
-1381
151
-1780
-2760
-491
-599
-2486
-2519
-1
576
231
838
2002
5183
5938
6386
5849
4037
3758
1052
2908
