-496
1041
2667
-1123
2620
-626
-5100
-821
-1592
1598
1794
547
2184
1706
2403
1769
1462
3247
4029
3033
-298
193
1365
1383
-916
-1465
2349
6332
6910
2057
1345
-2136
-1237
410
-2154
-3174
-3731
-1012
-2729
-2483
-2647
-3783
-479
286
456
2117
60
-1121
19
24
543
-751
-633
-702
-498
770
-44
1481
1685
523
-80
-618
-2023
-2670
170
984
618
167
-2209
-1244
-2199
-3614
-2545
-2971
-1053
1094
-359
-202
-1660
-3177
-345
1073
-168
-2088
-1346
-2195
-868
-1603
-1583
-1803
-2492
-580
643
1134
2295
4340
3645
3236
4487
4358
3016
1716
951
-984
909
898
-2383
-2034
-736
-179
-890
-799
-1338
-2590
-3263
-548
1477
3583
2912
3222
2974
2590
4099
2572
1129
-2417
-3270
-1090
-892
-716
-317
-912
2745
2910
2937
4242
4479
4319
3403
6279
4877
3100
2447
-106
-365
-970
-1339
-632
-930
-3868
-2942
-1020
-3935
-2008
-3813
-9513
-11622
-7084
-6887
-7691
-4254
-7011
-6182
-6520
-5672
-6248
-4627
-1800
-4262
-533
-1310
-1910
-668
-2529
-932
-1859
-2805
-3904
-2952
-3498
-4535
-4043
-1301
3153
4481
3023
-2278
-3210
-2595
1131
3513
2539
3147
2714
5420
4900
2289
1654
1183
3592
5609
1709
2843
2053
981
3354
247
265
76
679
650
-1154
-553
-1877
-1293
-1324
-2447
-2318
-4411
-740
330
-399
2320
-167
654
730
-660
1173
-343
1225
1471
832
2973
2840
1821
2292
2141
1366
2095
1694
1252
2047
602
-232
-2243
-5060
-3095
-1114
-845
710
2452
1162
439
1793
339
1137
961
-208
4309
3964
3979
4710
2712
2865
2675
816
219
2514
-250
-2546
-667
-358
192
-171
-1898
-1478
-1004
-343
11
1625
3761
1090
-560
-1889
-109
-2476
-6600
-3679
-3104
-2238
-613
-492
1584
2872
4341
4471
4407
6138
5546
7443
6834
7195
7356
5280
4416
3667
4113
3565
2802
1650
2351
1513
1477
-143
-3933
-5295
-3514
-2436
-2921
-3191
-4555
-2623
-3607
-4773
-3333
-3706
-2556
-2896
-2756
-2658
-2443
-3547
-4528
-3689
-4096
-8192
-8782
-5962
-6757
-4369
-2818
749
-710
294
2104
1395
3618
4003
7370
7671
5595
5217
2971
2411
4610
4930
4507
1016
2456
5757
4592
3512
4032
4216
2974
3581
-1498
-3921
-1823
-2282
-716
-3478
-4263
-1407
-909
-643
-761
-1667
-1359
216
1811
2691
2047
2195
1563
3692
4103
1015
1726
2428
1023
2268
982
-1182
-1077
-1837
-1254
-2039
-2669
-3790
-2923
-1282
-2418
-2391
-2640
-3988
-2927
-3597
-5661
-5220
-4902
-5211
-5525
-2722
-3057
-3162
-3125
-4187
83
-3248
-2834
-1573
-3810
-3441
-2160
-4056
-5269
-3095
-4069
-2310
-2106
-1313
1789
1290
-2253
-1310
3269
2992
1755
1361
950
5691
3820
3824
5684
106
-418
380
-444
-2088
-2371
-2082
-1228
156
-964
592
2171
2129
1478
1854
2478
2947
3560
1967
-695
1127
2075
2418
1529
-291
2352
800
1851
3242
-2676
-5375
-757
-501
-1748
943
-1632
-862
1330
801
2220
964
1415
1062
-240
-177
893
133
-5200
-8415
-5449
-3119
-1970
2113
-1235
1379
6259
5596
4135
1207
2100
3780
7156
4598
5502
7600
3102
5413
7505
7567
6613
6450
8165
4392
2606
5367
4341
1969
2390
3580
3533
2605
1824
1593
-673
-286
-278
-1552
-2163
-1796
-1425
-4009
-2092
-2784
-4414
-3566
-4034
-4329
-4684
-3009
-3482
-3532
-6064
-10124
-6227
-6720
-6087
-3639
-5487
-4089
-3410
-2548
-2380
-2052
-2172
-286
2734
467
-375
-44
741
2098
496
1873
56
2559
3377
400
994
-2336
-2148
-1513
-743
-3262
-3903
-2483
-4592
-3195
-1422
-2372
-4270
-4803
-4573
-5313
-4087
-4465
-4319
-4223
-5904
-3086
-2782
-2290
288
-1985
1181
3241
1713
1396
1073
3243
2959
5054
2504
-3227
-3344
240
1745
-1888
2855
1374
-285
3694
2430
3371
3093
2460
2599
4470
3799
3156
1441
1979
4938
2301
1180
3162
1289
2175
2785
-2590
-4271
-1870
2537
-898
-1000
-3211
-1442
2793
649
953
198
1593
-500
-1692
-1530
-5009
-3104
-1740
-3687
398
3626
3780
5141
5979
5092
4720
4720
3047
3816
5222
3136
1138
-493
334
4277
4198
1272
981
685
1742
1243
-322
296
-1254
-2892
-1560
-2230
-2680
-1260
-3937
-3322
-1123
-302
-175
418
2065
1250
1752
2801
3623
3214
4390
3441
4370
4002
3285
4833
-177
-1595
2498
3222
462
1334
1202
-155
770
-969
731
-764
-3073
109
-639
162
-178
-564
1324
913
479
913
935
1446
682
-4059
-6691
727
-702
-4464
-761
-2724
-141
814
-1127
119
-996
1329
1292
-766
1097
-1408
70
3080
-1821
-723
2101
-1485
617
516
-2489
-115
-167
-1140
-351
-1570
-753
-1606
-1519
-729
-419
2185
-728
-1867
381
-1930
-3111
-4423
-6191
-3348
-2131
-4585
-2004
789
-529
-320
1384
1301
-67
-824
347
-906
-561
633
279
-376
-1795
-870
-3784
-4878
-4389
-4650
-4199
-6046
-6194
-2834
-3464
-5050
-2298
-4034
-4797
-805
-5010
-9848
-6783
-6520
-3913
-2696
-4077
-2074
1919
1819
449
3484
-186
3843
3146
-355
2707
207
-281
-552
2194
3661
4498
3357
1668
4057
5106
2875
1019
377
-1776
4077
4581
423
2559
1746
3482
2305
1314
2882
1151
3167
1365
236
1715
-997
535
593
388
2083
689
1169
1472
180
517
-742
441
560
-524
378
-816
-507
1424
606
1286
1382
-1636
-508
1102
2638
902
2998
3762
1961
2616
2004
2684
2760
3144
3636
2918
2167
5057
4313
3240
3816
3547
2821
2449
4247
2539
2506
3076
2157
2560
2664
1828
1855
1245
2410
2544
-51
-1412
-3327
-3342
-6126
-3463
-1187
-1248
705
1237
4047
3570
1775
1368
2803
2607
386
-513
1822
784
-1168
3190
2372
-931
87
-500
-357
4932
2225
224
2680
2052
4221
1823
288
-1233
-1148
1776
-1553
-19
1070
-2144
-366
-82
-1582
-946
-1186
-1755
-5104
-4475
-5146
-7873
-5786
-6699
-7776
-6733
-6398
-8439
-9592
-6736
-5367
-4102
-3272
-4316
-2344
-3736
-4514
-1122
-2195
-4498
-1845
-2629
-1773
-1697
-2839
-986
-1809
-1504
-2589
-3036
-4720
-5155
-2157
-1963
-1252
-4151
-3073
1051
917
1822
2455
1570
450
39
-592
-799
-972
-1997
-2196
-1142
-841
-972
-2086
-3077
-1518
66
-2718
-4465
-541
693
-1403
-1066
-727
-485
19
-1633
-2459
-153
-21
-510
-94
977
443
-635
1314
-478
-256
627
-1512
-747
928
-97
199
1095
-2631
-800
3297
1566
1425
1907
1790
2765
2529
1463
2161
1654
2338
2766
3415
5542
3464
5214
5083
3133
6619
4479
1428
3142
3145
2770
1087
-670
2185
1384
219
599
-1402
-292
1282
2291
2396
4264
4653
2489
3729
5320
3904
4093
4589
2629
4533
3635
642
609
168
-2469
-4045
-2198
406
2182
2086
3681
4408
4631
5344
4831
3629
2574
2612
2328
2858
2925
3441
2170
2447
3259
2139
2879
1249
1613
785
-961
836
-2200
-7673
-6709
-745
-4818
-4833
-119
-1653
2173
-236
2948
6333
1561
2799
2170
964
-1480
-1605
-213
-448
1534
-976
-466
-903
-4550
-2716
-1593
-501
-1361
225
1691
2184
-467
-2553
-926
-5993
-4005
-1969
-5503
-1440
-1226
-2350
-1321
-3717
-3829
-4089
-3869
-3683
-3513
-3138
-2177
-1001
-1658
-1175
-4019
-4634
-609
-1581
-2317
718
-623
-2035
-604
-1009
-2709
-2108
290
-34
178
-1126
-1157
-1242
116
342
-2422
-350
-505
-2151
-586
-314
-818
-2255
-1524
1246
1039
97
131
1593
631
56
555
1413
2459
1627
2248
1668
833
1516
-650
-1258
-925
-1255
-402
-1321
-1735
-987
-2351
-649
106
-495
-670
-471
-485
-426
-1486
-1069
978
1021
1708
1998
1253
8
2632
2243
1483
2716
1639
811
397
601
1603
-44
-1038
-1166
-396
-760
-1191
2189
2738
2879
1466
3114
4717
5304
4546
3570
3797
3283
3365
1625
426
11
86
-5323
-2346
-1139
-9103
-10917
-4093
-4214
-6573
-553
-6108
-3893
328
-4401
902
-236
-820
3677
1481
3046
3248
1324
2173
1149
20
1873
1283
-1401
-3174
540
2488
-633
-1633
1347
1293
-1941
-1811
-1532
-1799
-515
-3205
-1237
-69
-2979
30
-719
-1618
-2150
-2046
-765
-2684
-2674
-1002
-1469
-1615
-119
267
870
717
932
-266
687
864
-1890
-2087
-185
954
-328
-203
432
702
-144
-1734
-944
421
-736
-978
743
1313
-120
878
1469
2011
3437
3074
2861
1416
1381
3379
1647
-258
1839
1732
1383
1866
2054
1688
1884
2716
2723
4940
5070
5312
5211
5304
3213
1798
5869
3806
2998
3725
1662
1738
2509
320
-1474
-366
-2323
-2431
1287
-806
-2435
-1063
127
1379
807
1784
1943
2879
1030
2302
10
-1048
1318
-1864
-636
-1521
-1070
-1545
-1702
-1077
-955
722
665
597
379
366
1662
-52
102
3398
4497
3568
3187
5125
1363
3278
3424
1047
2322
-2825
-7562
-5816
-4368
-6072
-3368
-5745
-5178
-1113
-3465
945
753
-49
2759
-625
1097
607
-890
-1447
-3895
-767
-699
-2289
-1805
-3898
-4677
-3251
-3792
-3069
-715
-4152
-2723
-4384
-7031
-2700
-2903
-4144
-2188
-1097
-583
182
-1103
-597
211
-193
-548
538
215
-1528
-214
1692
74
257
1887
-858
-2778
-3897
-3401
-2283
-1844
-453
-2633
-1743
-1093
-3031
-1343
-2299
-2752
-2102
-3859
-2070
-2474
-2748
-1235
-2119
-1807
-1148
-1582
-2370
-885
-2448
-1161
64
-1474
-1391
-857
-1093
-2787
-408
205
-317
807
654
701
3432
2720
1109
3043
438
270
1058
-938
613
271
809
811
1178
3074
961
2558
3552
1900
703
2307
3787
947
1765
2376
269
-2215
-498
682
-1790
3077
5366
2807
4608
5954
6787
7977
5166
7147
6293
5381
4858
2435
3734
1670
1167
1167
2350
3508
1812
1192
3969
2886
2167
3768
2258
1849
4406
4076
3715
4405
3459
2583
728
-3410
-1284
1186
-2839
246
-385
-3878
-1538
-2218
-763
1687
901
981
370
3363
2180
683
1656
896
3612
2759
2211
3146
-1456
-2347
-2245
-1985
-1497
-3159
-2069
-1542
-2966
-4041
-4274
19
443
-2224
-700
-702
1621
-31
-2349
-1931
-935
-1355
-2600
-2488
-3113
-2589
-3054
-3537
-1519
-2054
-3219
-3111
-470
-119
-3418
-2390
-5326
-5584
-2506
-962
-1208
-2221
-2990
-1542
-1284
-3239
-1134
-3058
-2137
-460
-887
386
-153
-79
312
-314
-1320
-2755
-1108
-2552
-4679
-2928
-2878
-887
-1991
-2779
-965
-452
-1770
274
-970
-2441
104
-1836
-1737
-915
164
274
1358
289
-736
1554
932
-720
1568
762
-657
82
-1518
-2276
-1937
434
-360
-732
1080
439
-2354
-941
-2206
-2552
-2856
-4183
-92
-1435
-269
1591
1296
1490
2823
4891
3942
3513
1215
2388
2535
1134
3374
-364
-1078
3010
4231
5682
5205
4572
4975
4019
4111
3989
3155
459
757
1597
300
3204
3097
3096
4756
4615
5428
3940
2561
2569
3147
4218
663
828
1891
-318
-38
160
241
1702
1795
2097
4080
1931
557
-585
-568
395
-807
-2357
-5280
-5851
-4236
-2752
-1366
607
-390
-297
3269
2095
-1884
352
886
-369
711
-924
-1411
-695
-1582
-1456
-700
568
1733
934
1800
2033
636
946
410
-408
1363
-617
-1003
-8
-694
-449
-495
-654
-931
25
-55
-553
-887
-1077
-1107
-941
-1762
-314
411
-1000
102
481
-1372
-3127
-5593
-2111
-2333
-3858
-1745
-3286
-786
-925
-1874
-925
-1060
-2698
1133
791
-1734
1841
1374
2817
2728
844
1563
-1537
-917
931
-3242
-2540
-2467
-2615
-431
-2546
-1891
-1847
-2224
-500
-1021
-1461
-2573
-1710
-1663
-2743
261
-1607
-4399
-698
-2579
-4722
-2008
-2174
-2357
-1407
-1168
-2441
-14
-2688
-1352
-3032
-2465
1141
-2715
2730
-445
-842
308
69
3144
498
-14
1778
1164
2060
794
516
1387
-1066
836
-89
-1525
-3120
-1066
341
1148
4901
1137
1628
1861
2929
5106
2790
2325
1856
763
914
2095
2218
1581
612
1582
-1090
-3302
-2303
-3567
-4617
-2638
596
-1325
716
2623
1907
1714
267
1244
-405
-842
-819
-1677
-2314
-3200
-2998
-1710
-2613
-2900
-1967
-2740
-1166
-1621
-2287
-949
178
-1380
-1588
-893
-1658
-1039
-767
-1407
1101
45
-124
1477
-667
213
-520
817
833
1717
2580
1557
2685
2433
3114
2836
3386
2932
1976
4044
3841
2956
3227
3204
2823
3597
3769
2019
3033
2981
2011
2785
3474
2131
1928
2156
3371
3066
2131
4793
2188
2039
4147
1933
1870
1241
-1405
-238
1708
871
757
2578
1248
1859
5778
2613
2165
2062
1228
2868
2662
4351
1340
1390
2275
3920
3310
1557
108
-2630
2286
2131
-1250
842
-279
-789
942
-1055
-407
2290
630
715
1394
534
887
-944
-3666
-3863
-1516
-795
-1947
-2110
-2089
-1540
-588
-1036
1096
678
-1892
-1551
-1515
-4715
-4860
-2595
-1207
1078
2732
1992
-209
-458
-181
-1257
-727
688
590
350
625
1089
-1565
-3817
-4754
-8517
-8218
-5467
-3911
-4166
-3539
-3228
-2935
-4048
-6252
-4536
-5827
-3640
-3579
-4895
-3135
-3771
-3037
-3896
-4380
-3237
-2063
-2520
-1215
-528
-2782
-1400
-1613
-2911
-1536
-3009
-2171
-1002
-2622
-2593
-836
652
629
-535
-379
2211
-117
-1474
139
-1972
-1178
-2191
-2915
-1636
-3159
-3574
-3769
-4330
-3217
-1439
-1775
465
384
659
1339
1968
2661
538
1559
681
1007
2526
2599
1686
1431
2547
3700
3239
3329
4148
3074
2439
3559
3714
2400
3485
1072
1822
3109
360
805
3234
3748
2104
4582
4100
3388
3209
2627
2185
1610
3479
1365
1291
1899
524
2540
2122
-617
170
-391
-5964
387
2947
-2723
1368
1151
59
3278
3924
1826
2355
2910
4018
3707
3088
4859
4519
4911
6257
3995
-2251
-915
3789
3539
3124
3073
2712
3834
3782
113
2910
2671
1712
2321
3249
6926
3622
4753
4021
2713
2771
645
129
2361
2711
945
3527
-2098
-1047
1130
-3335
-3564
-1933
-4
-817
-1075
-7035
-9099
-3901
-3982
-3058
-2912
-3495
-1351
-1412
-3085
-5130
-5056
-4295
-5389
-3433
-5198
-5976
-4282
-7804
-6951
-3049
-4547
-6757
-2844
-3630
-3670
-4720
-6447
-4201
-8183
-5597
-5846
-5977
-1282
-3331
-4213
-3083
-2439
-3083
-2065
-2883
-2094
-2013
-3169
-1342
-1674
-2714
-2588
-1468
-884
-1394
-2623
-2006
-440
-2324
-977
-1174
-2172
-151
-565
-52
519
2030
2384
1426
1250
1801
619
97
1529
-1010
-1065
-1225
-2295
-1134
-908
-865
-1111
293
823
1908
1995
2790
3791
4248
3249
1433
3984
1244
1868
4143
3028
2933
1871
2904
-253
2135
2573
2124
3568
3263
2953
756
988
1153
1754
1386
2335
1400
2267
3907
3414
5458
5162
4767
5286
6994
5548
6611
6874
384
2305
2031
-3692
-3897
2580
3736
2330
4097
2977
4629
2734
5984
8257
4759
6147
7151
7024
5376
1842
2961
5690
6006
6857
6916
4707
6122
2919
992
3015
1247
1705
-2691
-3014
-322
-492
-2577
-2250
1868
383
333
950
-940
-898
-2309
-3548
-4756
-4999
-6573
-7098
-5096
-5045
-3967
-4056
-3977
-2422
-1162
-2580
-3589
-894
-1791
-3870
-5452
-4284
-3007
-4731
-1717
-857
-2795
-680
1429
-2539
-2294
-2845
-3920
-3164
-4395
-2530
-2786
-3945
-2807
-1613
-3810
-3264
-2082
-2322
-3992
-3409
145
-3206
-3308
-2728
-2068
-2128
-2856
-32
-1280
-1298
7
-220
-1338
-1676
-1611
399
-1165
-2629
-983
-3577
-4702
-2956
-3432
-4487
-2223
-2945
-2844
-1357
-1214
179
-215
706
1672
191
528
409
-1461
-835
-1975
-2817
-2123
-452
690
-128
-1103
669
-131
-721
-1096
-4658
-2183
-2135
-4370
-4194
-2806
-2367
-4921
-2152
1009
-1387
-740
150
280
3240
2734
3278
886
-358
3026
1873
1756
2477
2659
3694
3732
3401
2323
1079
3798
5010
3266
6444
6517
6575
9676
8377
9629
9848
9486
9717
7505
6732
7797
6690
2505
-714
-170
2716
992
2192
2354
-187
2960
3082
2247
2794
663
-1314
1194
1918
-1238
39
1022
887
1603
1728
3098
1404
1510
257
1386
87
-2212
-102
-1980
-1693
-1303
546
13
-1051
-602
-621
-473
-1591
-269
-3035
-1183
-1540
-3797
-1902
-3617
-2886
-3234
-2516
-2441
-3602
-3733
-2448
-1622
419
-558
-2947
306
-1223
-5309
-3235
215
-1356
-931
1396
-1300
-1096
-711
-2804
-3153
-3225
-1105
-171
-1854
-2155
360
-732
-525
-1924
-747
1121
-1020
-962
-1657
-1265
-1763
-1315
-1449
-1632
-1163
-1427
852
-975
-1338
-3604
-2682
1152
158
1430
501
993
511
875
1728
116
606
209
234
933
1133
2336
2475
54
-773
276
283
716
1682
799
853
2685
1739
951
1050
-646
-38
-590
-1924
-3725
-2952
-1222
-1684
1374
1908
1386
2797
1849
1525
3292
1468
23
-4740
-3007
946
-3436
1843
3151
1531
5139
4276
3580
5625
7909
6818
5337
5408
2979
305
1943
1178
-342
-2365
-3529
-157
-613
239
1923
956
1115
798
-298
-3676
-4044
-2569
-2962
-1737
-2808
-2848
-2257
-4390
-3362
-1068
-2781
-5428
-4323
-2239
-3156
-3450
-2586
-3858
-7589
-5097
-2308
-3013
-3404
-2304
87
-3370
-2266
216
-380
-2250
470
1148
1023
1133
-1763
1606
1515
2057
2304
483
1424
1254
256
1606
388
175
2350
30
1120
973
-848
663
-475
-2071
25
-1839
-674
-197
-3843
-1759
-1643
-3114
-2972
966
109
187
666
-2308
188
445
263
731
-722
-772
577
1247
616
-1742
-3213
-1257
81
340
95
-17
-23
1286
558
552
227
-1855
-3833
-890
2150
-3496
-2338
-846
-697
110
-2088
-1716
-1544
-485
-638
-420
-643
-1081
1551
628
1204
-416
206
2050
-1536
-1041
-1203
2335
4167
1752
3568
3656
3072
4728
5331
5288
2328
5273
10540
8162
5296
5760
5027
4916
7352
6992
5640
4149
6488
7550
3362
3354
4688
5261
3877
2189
3152
-983
-2109
-1097
-1509
374
629
-2237
746
1102
-845
916
-1719
-1556
-226
-1281
-1721
-2789
-4093
-1761
-922
-2175
-2265
-2064
-4317
-3618
-1827
-1688
-1942
-1879
-1305
-2931
-3201
-3952
-3135
-2791
-3872
-2672
-3384
-1986
-1084
-2071
1313
-946
-1987
1412
261
1066
1729
322
1393
627
-1517
-1707
-67
1542
1580
279
1391
1521
527
-1084
-1426
-167
1049
-675
170
2103
-566
2084
-176
402
3158
1775
1648
518
2139
1056
496
423
-1228
-168
-2018
-2322
-587
-1793
-2604
-1468
-1236
-1295
-1950
-2916
-1459
-2797
-3306
-3306
-5052
-5779
-4848
-3874
-2867
-2893
-2430
-388
81
715
355
-1941
727
813
-824
428
-3309
-7385
-3228
180
-2728
-852
-1176
571
1711
-2212
-950
-363
-2419
-2003
-2658
-3316
-1046
-1539
-1565
-1611
1067
2442
496
4483
516
835
5447
4570
5032
3824
3537
4571
9461
6562
2931
2148
743
3769
5661
3457
3990
6179
3873
4986
9335
5969
1594
7159
5589
1554
1879
147
-496
-2576
-3574
-1819
-1326
-1015
785
1389
357
-727
-1346
-60
-1563
-2816
-2965
-5705
-6857
-4792
-4378
-5867
-3341
-3041
-2619
-86
-1802
-2511
-2782
-4301
-4767
-3575
-2500
-4971
-3717
-2442
-3725
-1667
-1687
-1310
-30
498
709
1344
1347
1502
1665
268
1146
690
1349
1777
589
2269
3121
1993
2003
2777
2853
3124
3162
3804
4079
2853
3689
3556
1952
1571
174
263
2090
1584
1146
790
718
1290
64
523
340
-1998
-972
-1441
-2195
-232
-703
-1841
-851
-701
637
205
-3840
779
1635
-993
571
-1401
-1936
-888
-1448
-3758
-2488
-2043
-2145
-3259
-3939
-3368
-3034
-864
-662
-1064
-466
722
-1101
-3245
-4280
-4764
-5164
-2760
-3638
-3685
-218
-2760
-3428
-1200
-2705
-3201
-3518
-3293
-2055
-925
-2840
-2505
2064
3557
3513
3347
5526
4034
5586
6530
4405
6931
6077
5953
6124
3510
1530
276
-2451
-845
1968
2215
1443
611
1788
3344
5567
2205
-400
825
559
-411
703
-1195
-1559
-1245
-2376
-1147
-3734
-2275
-394
-545
-2317
-1627
1143
-1491
-1867
-1388
665
-1978
-586
1758
-809
189
-3350
-3290
-1014
-2047
-1408
-1137
-1423
567
-409
-30
2468
773
437
1308
1304
263
80
228
-6
-1352
-899
-276
-93
-30
125
1079
1209
1087
885
1235
256
1093
1842
2013
1158
1281
2330
1178
2326
2488
859
1975
3115
1543
1421
1890
2921
1818
1437
2977
1172
2811
2339
1768
3285
2045
2893
2087
2197
2538
1365
1174
1407
-1246
-1991
-177
-1129
-1462
-776
-1140
-877
-1104
-1124
331
-646
-1733
-1160
-17
768
-1002
-1253
230
-999
1865
1409
-1922
844
34
-1027
529
1012
1294
1218
1241
2695
727
-1659
812
-2227
-2038
-926
-2572
-1820
-3522
-2439
-2417
-1859
98
1905
-13
576
3168
1992
2571
3763
2290
1580
3771
2139
2450
4344
2133
589
2106
11
-2611
-3511
-6979
-3810
-3422
-4288
175
-1006
-1117
164
262
390
-356
-600
-3808
-4810
-3297
-1751
-3963
-5907
-3861
-3635
-3059
-3648
-3177
-2288
-3307
-2843
-3088
-2690
-3704
-5823
-3772
-4264
-5267
-4142
-4640
-5048
-4839
-4894
-3631
-3329
-4586
-3336
-3399
-2862
-1039
-1714
-1470
169
1107
1311
2419
3054
2833
2584
3156
2113
969
298
-136
-63
1536
2719
3111
2922
2588
4560
3575
3972
3135
3210
2733
799
943
-409
-780
-656
-1779
-2162
-7
-902
-928
665
169
-77
411
1681
1206
1510
2299
1528
1443
1872
628
-356
1467
969
-204
-302
-817
421
159
-410
1491
-162
196
2827
1773
2195
2394
2242
2594
3735
2744
1942
3786
2384
954
2435
2575
67
3030
2877
1183
4602
4358
1422
2993
2954
-1040
-1327
64
-851
-3121
-3167
-3381
-1924
1493
5099
5306
5324
5886
6937
8454
8413
7907
7023
6900
3582
5496
7428
5069
5090
4541
3082
2515
3492
-305
-348
780
-4673
-3478
-1043
-5027
-4581
-4829
-3949
-2050
-2544
163
993
118
-975
-1294
-2466
-2626
-1817
-2415
-3079
-3808
-3497
-3128
-3341
-3716
-2819
-2697
-3022
-3266
-5543
-7943
-5705
-5823
-7357
-4491
-4752
-4062
-3119
-4262
-3445
-2233
-3519
-4290
-1945
-2731
-3141
-3325
-3370
-1723
-3324
-1363
84
-2123
-433
-408
-63
-308
-877
-420
-937
75
-1013
-596
-290
-2427
613
-569
-2388
-1613
-1924
-155
-2629
-1202
-66
-425
714
1347
1993
2070
3295
1569
1796
2915
1144
902
1833
1186
1717
660
-545
688
-409
686
225
-54
274
-520
1364
-313
-860
-818
-1062
-854
-2487
-1780
-985
-549
-1458
-364
112
379
1733
642
1766
2363
1605
1730
789
1386
1701
1756
2383
1402
1759
2227
-1231
-907
1877
-299
580
484
-1656
-582
1933
-407
663
5081
3961
3296
5442
4960
4098
5897
2598
246
2843
3555
4476
3770
3415
6523
4884
5116
4652
1968
3498
169
-714
1478
-54
-799
-1155
-2665
-832
1504
-1820
2731
3459
1224
4212
4776
5340
4151
2482
2193
3530
970
722
-464
-2570
-1768
-2013
-1042
-2452
-961
-2202
-3781
-3721
-5636
-4976
-5410
-5367
-3761
-3972
-3494
-1915
-1635
-1336
-2830
-2348
-3003
-4002
-2659
-3636
-4268
-4365
-3530
-2484
-3102
-1319
801
404
609
846
-1530
-2977
-1490
1238
234
-1842
-578
-1524
-3323
-1265
-1136
-3738
-2413
-2202
-1864
-1965
-3520
-1426
-3161
-2597
541
-1290
-1457
572
1413
1820
1012
1340
430
-94
903
-1518
-133
-262
-63
-619
-446
-36
-1648
-861
-2077
-2587
-1712
-163
-1284
138
2637
361
1679
1395
301
2491
1777
2891
2285
1820
3350
1706
1335
3526
2483
1010
1029
327
1668
891
1317
110
-1807
1833
1506
928
-95
-1556
105
929
680
1636
1129
345
224
-410
1531
3488
2158
1648
2953
1591
-13
1065
497
407
2275
3166
2842
2713
3765
907
811
3355
1014
-744
-425
1342
437
-1010
335
-630
-1639
-1942
-3362
-946
-278
-615
-59
1723
1993
3976
3560
3127
4426
2214
2286
-689
-4928
-3017
-90
-908
-701
-2928
-2667
-2272
-4291
-3704
-1926
-2573
-2119
142
2463
3419
1085
2398
1799
1822
2065
-1807
-1270
-1416
-75
1087
-2256
-1120
-307
-1611
-1212
-652
-1980
-3165
-628
-330
-1894
-548
391
1151
657
164
-808
-2223
-3389
-3666
-3245
-2841
-3531
-4310
-4242
-3071
-1950
-1480
-1639
-1504
590
631
357
-36
-3302
-2766
123
-757
-1356
-2478
-578
334
-238
1124
1604
484
-1536
929
863
-1189
438
-422
-1439
1153
2231
1046
1778
1889
2368
3180
2790
2441
421
458
1674
1542
2241
991
2174
3653
2918
2901
1323
-137
207
1367
1009
923
4435
1687
1604
3457
2917
4969
2151
4719
6003
5022
7958
8197
6805
3591
1275
2236
2339
600
-1575
-2075
-316
1758
-2
3281
4130
-97
-3
967
3036
-733
-987
329
-2613
-508
-1942
-4131
-1554
-2020
-2818
-1316
-1761
-3328
-3377
-4271
-2999
-467
-3492
-1483
-295
1534
2050
1059
2115
123
-614
-918
-1981
-2701
-2531
-4571
-3154
-2683
-3721
-4879
-5794
-6235
-4552
-1167
-2907
-5244
-4158
-2220
-541
-480
-1990
-931
-2780
-5980
-3810
-1425
-2829
-3311
-1329
34
504
-561
-250
-1359
111
2670
639
2600
2168
937
1846
1513
994
-887
333
-1831
-3714
-230
-1842
-3268
-114
-2221
-2961
101
-1611
-110
549
-941
-2999
-3590
-1904
-4138
-1089
70
-2376
-1004
-1966
-2749
-1597
-513
-1263
-2051
-869
-845
-914
-389
-715
-919
-217
84
465
-187
-997
682
-136
-873
643
1430
1602
538
350
2375
1829
1681
2706
2831
2067
-2001
-122
3977
2145
1680
1660
4334
5301
4772
5882
5345
3924
6096
6638
2818
4282
3738
3893
5090
1636
1896
886
-2817
464
5290
3906
1475
1187
1601
3163
4529
1481
863
3121
1190
1466
247
-1074
1295
1628
742
1647
3045
1303
645
-590
1703
108
-2251
1672
-721
-3016
98
1393
-2408
-1348
1083
2585
2412
2343
3026
2565
2834
620
-1474
-2068
-2798
-2392
-3798
-2937
-3267
-5713
-3709
-2448
-3081
-2303
-1522
-1785
-239
-825
-807
-371
-1280
-607
-1180
-1390
-1376
-243
-63
-1422
-1430
-593
-1753
-949
-658
-1702
-393
-2508
-1710
-2654
-2205
137
-982
-658
528
2811
285
-1956
-1888
1052
1040
-1368
1848
1331
-2553
2048
2176
-604
-827
-3249
975
224
-917
1040
320
1510
1198
1303
858
567
-415
-2572
-476
-1848
-980
-25
-2675
-1895
-1408
-2629
-1637
-1476
-2222
-1911
-1926
-780
-1325
-2172
-1524
-1771
-2236
-593
1291
704
-712
-2508
-4141
-2166
-630
-808
-304
-1600
-1673
2808
3365
1202
3984
-358
-3327
1596
3919
2732
1997
3519
3787
3637
721
-671
758
-2409
-2620
3936
4978
1388
1925
5037
2896
1651
3665
894
-1843
-2272
-807
686
-613
-1472
-1175
-696
2755
1910
1076
1887
-248
467
2797
396
1616
1897
-523
814
927
1307
212
2123
-384
513
1763
2432
4138
-312
3072
1786
2090
2111
-1573
919
-1004
77
-807
-1679
-1875
-3896
-2753
-2489
-823
312
-1816
-1172
429
16
-1038
-1695
-297
-493
-286
214
440
-1010
-1161
-771
-2691
-2320
-2525
-3662
-4687
-2151
-1789
-3230
-1772
-2583
-1350
-540
129
74
-983
-1198
-1658
1352
1008
414
82
660
699
93
1157
-1378
-765
-22
-466
-778
-1222
-4409
-3980
2291
1763
-620
-373
659
952
1568
2102
1485
1835
1548
404
1954
2227
629
887
2827
1286
922
5088
3348
1836
2999
2217
2901
2675
936
-2323
-3831
-748
-1415
-1322
-1908
-2385
693
972
1757
2283
1647
2269
2172
974
2279
2396
2402
2526
2352
1477
1706
1600
-763
-1823
-2680
418
2942
2583
699
-114
-1289
-1804
-3632
-1702
-1486
-3469
-1003
-4666
-8062
-5959
-2115
-2277
-2745
-3773
-3468
501
-76
-935
146
636
2648
1543
3520
3132
2180
4413
1710
1370
2968
297
-274
1786
-51
-2167
236
1717
456
2241
1735
1626
515
1993
1202
-3353
-2500
-4276
-3070
-1603
-4113
-2901
-3290
-2568
-1236
-1599
-963
-2448
-2420
-1341
-1225
-4031
-4268
404
-2212
-2487
-11
-1698
-748
-1618
-1386
-1826
-1072
737
-2572
-1655
22
-1022
-1464
-2795
-1716
305
491
426
67
445
-301
263
2836
1016
1238
2425
-496
452
138
-2708
-1181
-2736
-2746
-872
-1625
-1426
-2223
-991
345
-104
336
316
542
941
863
2171
-10
-361
2045
1013
2007
1611
1659
1646
2956
3318
1880
1002
-1458
-2439
-2689
1897
-549
-6951
-2888
5285
3205
2489
4597
347
4148
7441
4230
5662
5057
4168
7855
6693
8584
7818
5992
9709
7234
5003
5100
2962
540
204
925
3156
4510
1507
3403
1353
931
2793
7
165
-239
402
-1518
-4189
-1288
-1770
-4767
-3404
-2616
-1162
-241
-2841
-2285
299
-1854
-1812
-825
-1112
-393
-1964
-2777
862
-1155
-2498
338
-3328
-2428
-1576
-9699
-11384
-1843
-3541
-4777
-1206
-3303
1619
4919
1130
1613
538
590
3368
-527
-548
-970
-1614
-918
340
-797
-3446
1093
-344
-1375
1032
-2600
-1753
581
-1801
-3574
-2509
-3730
-3515
-3201
-4027
-1155
-2218
-3156
-1508
-2775
-2846
-2672
-3793
-3366
-1898
-1482
-1819
-1063
-19
1488
-250
-879
-67
-582
-748
-1593
-2181
-1923
-621
-1290
-1798
-311
-295
-368
921
-318
-749
925
-449
-844
-528
432
-941
-1345
1135
151
417
1284
2743
3070
3655
5322
5128
6401
6344
4963
3851
1519
2198
1148
-2116
-2286
-2968
-3023
-695
-479
-681
3
1532
3217
3903
3463
3052
3546
4311
4769
3947
3969
3321
4010
4722
3293
1248
-162
785
-1390
-2475
-1160
-804
2412
2532
-280
2525
2361
1402
1484
-272
2482
960
-1402
-802
-1726
-2478
1440
920
-391
2018
-679
2104
4985
111
1270
3411
-1193
758
2450
-1089
-3317
-1855
283
2599
1415
-1530
2437
1375
-730
1383
-2135
-4299
-3346
-5265
-3061
-637
-1393
-1093
270
593
3424
2944
-345
1818
653
-1618
-1411
380
-1669
-3330
-1754
-3557
-1269
-2474
-5800
-8606
-4650
-2565
-5783
-2435
-2381
-2091
-3831
-4115
-1930
-2620
-2461
-2162
-2876
-2575
-1429
210
-2082
-3239
-1579
-1557
96
84
-142
-423
-31
826
-668
-192
-592
-1261
-1120
123
-348
-1698
1355
-140
-608
449
-319
-887
446
-127
-2172
350
-433
-1650
1439
1089
-149
1345
2449
679
464
1319
-922
1642
1402
534
1397
2367
412
-1255
590
-1116
-572
-1156
-402
112
707
457
-3
667
479
3280
4922
3722
5930
4715
1772
3767
2507
651
2716
5833
6408
7560
6912
4086
-831
-2022
-700
-4493
-3819
-370
-2504
5
1271
-452
-3939
-4490
500
-3409
-1771
111
-3034
-624
-500
-3658
-1037
-2944
-4149
-1126
-1938
-928
3469
3350
-306
2599
2998
2277
3203
647
108
981
309
-142
-943
1196
1695
147
655
4068
4854
3259
3963
1625
2412
4882
5307
2276
2820
4647
4029
5618
4173
2606
3595
3617
2094
1124
3239
846
-977
1631
-2264
-2620
262
361
-3234
-4056
-2703
-1319
-2980
-5023
372
-2490
-2637
-207
-4451
-2648
-1965
-4725
-4003
-3183
-3622
-927
-1412
-2378
-565
-1535
-1659
-3025
-5534
-2567
-2953
-3581
-422
-897
-1557
-1053
7
-1387
-2138
-3135
-3149
-358
-1931
-2145
-781
-1010
-1306
-2052
919
941
-1065
1317
1384
-235
549
1577
1255
1376
335
414
970
973
746
150
-1808
-1468
-2556
-2424
-2
-1838
-1597
-110
-264
-1366
1698
4424
4981
4129
6039
5599
5159
5681
8
-340
769
-860
1544
2317
-1201
461
3007
2306
93
-316
2823
2084
409
3983
3714
2874
-689
-2213
2121
742
-1858
94
-1045
-4435
-3131
-3799
-3284
-2795
-5609
-3726
-1770
-1317
-2414
-1749
-871
-1767
61
-1815
-1250
-825
-2315
-1146
-2806
-3869
-4801
-5313
-2859
-1809
-1363
-406
2401
1695
2263
3336
1937
1706
193
-1416
-1271
-1168
-334
-51
854
3008
3808
5183
4081
2888
2985
2949
-564
-328
357
-2023
-1651
-304
937
-1491
-512
737
641
2957
3299
2331
1152
3841
896
-1827
449
-1522
-2571
-2772
-1912
-1310
-1499
-1674
-2421
-1050
-715
-1002
521
-868
-1125
80
-2121
-347
-2419
-3696
-1204
-3683
-2481
836
-64
-3088
-273
882
275
503
-1349
-588
323
-732
-649
13
-3239
-3416
-324
496
2676
4113
2457
2256
2477
326
110
-1035
-2123
-3623
-2219
160
1376
841
1437
4915
5733
6562
6038
7123
4895
3588
6462
3842
2926
3290
1443
4152
1170
179
459
-726
920
2226
3616
2883
3003
-270
980
-1960
-1648
2463
1942
2468
2975
3138
601
2777
184
-1217
339
-568
34
-2288
-4018
-2587
-4900
-5390
-428
-2986
-3898
-830
749
1169
295
1032
1798
4213
3594
1434
3070
2075
1430
1828
-138
-1639
-2734
-3467
-720
-2289
-2315
788
-324
2455
4292
1076
468
3692
110
-2218
506
-1110
-2296
-3071
-2434
-483
596
624
1574
-370
-2104
-526
-1848
-1928
-2134
-3280
-3695
-3170
-2368
-2560
-4850
-4104
-4121
-4333
-4266
-5973
-2346
-3198
-3141
-3152
-3855
-3612
-4947
-6004
-6494
-4603
-6820
-5026
-2448
-2983
-2642
-2068
-86
1318
1152
1591
877
149
1633
-179
-527
-421
-281
-262
-240
37
-1273
-541
783
915
-205
96
-122
-228
965
539
1665
163
-420
-34
-3883
-4480
-3744
-1036
-2473
-1618
1235
670
4558
3702
1779
4888
4574
6283
6677
2967
4125
1795
2042
4203
3070
3353
3041
2439
244
-419
-1748
-1562
5137
6359
803
2910
2728
-3769
-1346
-29
-1521
5204
5924
4095
7559
7104
6527
6619
3848
5261
4653
-834
-38
-336
-2626
-3478
-3845
-3938
-3883
-3055
-3379
-2059
-53
0
2192
1715
606
1241
2399
2997
2949
2758
-487
1109
2418
3354
3496
63
539
-1987
-707
1764
1539
2110
2577
2984
3470
3816
-1234
-789
885
220
386
402
1803
2628
1116
2971
4042
1869
4968
4648
2387
5074
4098
1087
149
-1332
429
-859
-3392
-1370
-1846
-1560
-1209
-1563
24
-1371
-2806
-2517
-3005
-5962
-5036
-5898
-7007
-5698
-6218
-5129
-5235
-5729
-4215
-3381
-4892
-4797
-3506
-4346
-3985
-2632
-4323
-3931
-2938
-3619
-3740
-3377
-1520
-797
-1806
-2345
-2497
-1804
-1782
-2841
-3598
-2896
-1831
-111
1569
-865
-3344
-809
-1016
-2744
3291
3566
1575
4225
3972
3404
2380
4629
5054
3327
6256
5397
3798
4606
2925
2889
2643
832
322
979
-355
-4071
-3770
-1577
-2683
-2349
-615
1991
609
-1773
4449
-270
-5492
-2581
-1054
1652
4357
1275
-1311
787
-1078
-332
382
-1043
-1592
-4013
-5197
-4931
-3894
-5595
-6319
-4689
-3248
-5702
-5521
-2018
-3479
-2359
-1808
-2888
-692
3093
1838
1472
3039
463
3090
4488
2138
3757
3234
3684
3123
2021
52
-1996
310
1908
2610
1252
3011
5291
4915
5897
6129
5024
3266
4199
5205
2988
3018
1855
1133
-614
-118
1764
-251
2097
2557
4810
5698
4278
3586
2210
3909
742
-418
233
-3319
-2379
-2349
-1171
-2424
-4984
-940
-972
-2417
-439
-171
-583
777
335
-1101
-1510
-2118
-1362
-693
-504
-1242
-331
251
-325
-1367
-1721
-1256
-642
-556
-2522
-533
181
-1899
-130
-379
-196
-721
-1568
397
-741
900
-225
-2549
-3573
-3800
-3381
-2126
-351
-1878
-1235
1925
3303
913
-493
447
1742
2263
4042
4954
4176
3116
2164
3702
2829
2076
3419
-34
-515
0
-3197
-2967
-490
-1410
1658
5926
3317
2868
3193
-889
-4678
-342
4772
5957
3866
3105
3498
2479
5257
-1895
-3096
1028
-4274
-1640
-1830
-2456
-2448
-5157
-4408
-4896
-1842
-3263
-6315
-3085
-2706
-2584
-2394
-1393
-1911
-2045
-1340
604
2993
1569
1318
118
-1173
-2190
-3118
-3282
-1247
-964
-2782
1317
3960
-589
-4557
-5566
-6565
-1975
-817
-3883
-1003
745
3409
3157
1716
3243
3420
3803
5207
2852
1787
1241
-824
422
-1163
-1717
3682
4146
3022
4551
194
3135
3503
-526
28
-1697
-1179
-2553
-2305
-2212
-3677
-2728
-3406
-5274
-2828
-3658
-5100
-3339
-3376
-3246
-3748
-3329
-2423
-2494
-2326
-2070
-1204
-1021
-157
-550
-634
-506
-1974
-153
-2397
-2146
-1241
-2168
906
-2
-2095
-1356
-290
122
759
3034
346
-980
592
372
976
96
1514
1779
674
2735
2174
1273
3172
2820
4970
6252
4486
6037
5877
4678
4173
5031
4250
5498
5987
191
101
-375
-3267
-1983
-1290
-277
4752
8324
1662
1312
2725
-4465
-4432
-2002
2759
5434
486
230
1169
-1803
456
-3110
-2436
2298
-1369
-554
282
-1506
-1295
-2027
-1188
-1015
-1144
337
-425
-159
433
1397
474
748
1011
1371
3008
2721
1550
-495
-688
-774
1175
185
-532
2395
2265
1605
-400
1372
2611
-585
420
1102
1873
409
-3103
-6884
-5126
712
-633
1301
5512
5625
5730
8313
4324
544
1807
-323
-1801
-1071
-1612
-1058
-1852
-3857
-1741
-1280
-2053
-1328
249
137
399
374
-195
-547
-2793
-3589
-3600
-4032
-5550
-3235
-3227
-3627
-2397
-3538
-1967
-2820
-3081
-1422
-2400
-1784
-2197
-2682
-2127
-4145
-2974
-3069
-3529
-2849
-1055
-1198
-1459
-289
74
439
2091
1522
-668
290
-829
-278
-1227
-3135
-2080
-1564
-3008
-2716
-2432
-2210
1443
-322
83
3112
1943
3408
4199
3586
2554
2950
3381
2638
2685
3361
3368
4951
3892
3468
2890
1059
604
-2325
-2052
-2255
1929
4682
2609
1485
3292
-83
-4766
-3706
-5079
-327
4445
1871
2607
3554
905
-843
-983
-1163
-1476
-2175
-2565
-1557
-3271
-3893
-3175
-6203
-5774
-3229
-1405
-1176
-1825
137
1099
1017
-391
-878
1189
307
-1660
-2004
-2281
-949
-353
-858
-1663
-1624
1098
1645
2077
4998
4995
3452
3891
4431
4571
4380
3445
3162
1770
1472
3145
1921
5892
5189
3373
6850
6603
5867
3541
2478
3447
1443
3196
2012
959
2131
2106
3016
405
376
-2678
-2348
-2027
-2666
2327
5056
-542
38
1505
-1833
-936
-557
659
-2934
-3980
-2619
-3602
-3612
-2602
-4163
-4519
-3679
-2953
-3131
-4763
-2917
-3036
-2615
-2372
-3543
-4391
-5150
-3174
-3123
-2611
-4376
-3418
-152
-1473
1718
-246
-1462
2221
535
902
1240
886
-1869
-1226
-947
-1926
-717
-1711
3025
-1533
-1148
2496
3177
4230
2776
6354
3816
5829
6147
4510
2653
2536
3915
-1108
3003
1295
-4159
-2110
-2896
-3466
-4575
-3097
4068
4895
-231
743
2234
776
-345
-2053
635
2755
-691
-110
-1849
-5418
-4094
-3802
-3992
-4560
-3280
-1650
-1798
-2184
-1871
-2333
-3975
766
357
-2178
-1064
157
1743
-620
913
-756
-1554
-137
-1282
-348
-1225
-688
-1409
-2113
-1534
-2332
-2328
-3766
-3554
-3626
-5301
-3883
2405
1037
-199
1139
-765
1245
663
577
1564
-606
568
427
-1411
-3118
-1879
-3278
-2391
1071
451
2822
3405
4907
4380
5093
5539
3534
2942
3500
3682
2745
1574
4381
4488
1226
1656
561
478
1794
7745
4808
2032
5311
-753
-458
230
-2951
-3025
-3731
-1903
-3499
-1706
384
-2690
145
-1647
-1510
-1056
-1008
394
184
3124
1098
-98
326
-1785
-1072
-1668
-2793
554
2784
1470
-743
1916
2293
1779
2429
-1831
-183
-1871
-5954
-2115
-4194
-4034
-2138
-643
3338
-171
-474
1088
3433
5854
5238
5771
4691
2304
3446
4759
1735
112
-270
4406
1608
162
4182
1935
2366
82
-226
-176
1529
-867
-1253
2165
1482
3387
2290
4964
4567
2306
2847
896
987
-599
-2103
-1895
-4276
-3598
-2537
-5405
-3293
-3523
-4795
-943
-1384
-250
966
-418
1683
1430
3114
2403
848
1452
-765
1642
357
-4606
-5423
-5253
-4043
-1214
-3529
-2685
-2465
-974
-153
-2669
-2496
-1781
1932
-643
691
1712
1203
2463
1150
3951
1068
23
1071
-2446
-3268
-4113
-1991
-2396
-1731
-1154
-1211
64
1071
2140
1425
-417
-681
875
-988
827
-264
-713
-252
-1194
-186
-2916
-1733
-1208
-337
-831
-1204
-2574
-3509
-1660
-3873
-2606
-2095
-2581
-1529
-2762
-2359
1402
-450
-878
-1037
42
422
-2442
-1434
-683
-127
-1342
-88
-1516
-1433
529
-1915
-271
-337
-2228
-649
132
-472
-585
-1607
238
624
-2542
-2171
-2165
-1888
-150
1956
1705
479
2111
2776
5020
6762
4367
3639
6752
3338
1865
626
2139
4592
1680
4529
-3109
-804
4455
725
-9223
-2646
2797
-6233
-1468
-4222
157
1052
-1220
4185
2934
7244
6082
4253
6252
-1392
714
615
-1318
16
-5053
-1886
-310
1003
1135
-1299
784
423
1401
1900
-810
206
856
693
2002
671
768
1026
3427
4523
3109
4466
1787
2826
4631
943
194
587
-731
-203
-329
-1269
-1302
-1754
-2769
-610
193
641
2144
2642
3532
1967
3851
2733
3321
4652
2677
2920
1332
1769
-152
-5148
-5779
-5160
-3974
-3203
-4536
-2515
2221
2451
734
3068
2484
2187
4385
1558
2173
1566
10
1265
-1432
-617
-667
-2059
-1187
-1169
-786
-1292
-1067
-3466
-5816
-3029
-3687
-5502
-4975
-4100
-3917
-2721
-3092
-1649
-1175
-3334
-2719
404
-885
-3770
-2426
-1926
-617
-2853
-4722
-4996
-7845
-7560
-2249
-3774
-4610
-3967
-2428
-1534
-1958
385
1057
670
-2032
34
563
-1758
-603
757
1096
3376
4987
6196
7647
5438
3550
3054
216
2474
1293
-1862
-350
-2150
-238
2563
3938
-77
-693
-5255
-4677
1236
-870
336
2802
4328
4097
4301
3005
2706
-984
-872
-1939
-2367
825
1609
-1039
-2461
-202
-3466
-2523
-3031
-2489
-2181
-4426
1390
-1750
-4180
-117
209
-1313
-1335
-385
134
1827
77
1140
830
524
615
263
782
-1241
1003
203
1803
2613
-876
-2024
2139
1109
-463
1919
-1540
1626
2528
1946
1927
1793
4422
3390
4438
3185
2440
5066
3966
3674
5862
4600
2449
3097
2639
-3614
-3102
1389
-707
2081
762
1725
4707
4905
5636
5316
3612
2404
4113
2125
823
161
2237
-11
-1351
-393
-1481
463
815
793
-2262
-2378
-2416
-4625
-2300
-3930
-3296
-2478
-2096
918
-907
518
2040
-342
1709
2035
712
228
-2303
-1109
-2059
-2681
-3447
-4803
-6096
-6496
-5875
-3752
-1729
-3381
-4019
-1750
665
-1949
-689
1066
-1591
1473
2998
1596
2705
2562
3522
4614
6301
5879
-664
-4259
-3160
-706
-2177
-729
1466
-1521
-879
630
1554
-4133
-6768
-3393
-3125
-727
1197
1219
-364
2429
2556
4247
8022
5645
5496
5819
1033
312
-1552
-3608
-4270
-5209
-3841
-6016
-4374
-4090
-3124
-1240
-1103
357
-935
-434
1467
-1083
-2260
-2681
-3154
-468
-3499
-3214
-2497
-3765
522
2573
1241
-151
2432
1773
560
-871
-4579
-655
-688
-4321
-594
-2361
-2603
-2521
-1881
-1570
-2302
-802
-2010
-3369
-1393
1042
-2336
-1574
-1537
107
836
-547
3151
3784
1777
3529
3817
389
-3249
-3869
-613
1372
2755
3666
5850
4576
5006
5958
3750
2912
3729
2915
1488
4779
2697
2280
1139
-1139
631
1831
-1135
795
2553
-1023
1233
-945
432
1229
401
-40
-1485
159
196
1426
4655
2724
991
2897
1913
1956
-2224
-2468
-676
-2585
-3724
-4698
-6890
-6288
-1662
-5705
-4542
-1581
-1218
-236
1147
2984
2371
4941
8838
8080
6508
7937
6938
6173
5687
2684
948
1986
140
-1255
-1213
-3417
-1184
3335
-324
1035
1654
-1569
-1724
-4067
-4464
-3457
-2378
147
2741
872
4578
6064
3308
6015
4138
2986
-1290
-6420
-4168
-4562
-5136
-5590
-4561
-4354
-4285
-2566
-1423
104
-142
1193
1779
1181
142
1663
358
-1985
424
-910
-51
352
47
107
-147
1322
-616
401
-237
-1395
-1977
-3068
1097
-1463
-2259
-1170
-2522
-191
-110
967
-1553
1541
1523
-871
947
-1939
-2310
-2130
-3050
-3808
-106
3969
2174
-471
2530
1991
1106
278
-195
2315
-859
-5447
-9870
-6888
-1300
-4689
-5072
-2480
-920
470
-424
-358
-1535
-2643
-452
602
-1422
-3096
-3439
-1632
-577
-2608
-1507
1331
2154
1230
300
61
-1389
491
818
-599
-188
1404
2333
-893
-1118
790
-1447
-2146
-542
-1091
-609
190
-1274
-2976
-3362
-3006
-2681
-6884
-10448
-7716
-2817
-2021
-1015
186
58
4157
5200
6509
4616
3320
5753
4769
6852
5749
3266
3847
4265
182
-827
1229
-1458
1323
3822
2190
1234
1233
-2215
-4828
-4466
-6709
-3109
-2912
-675
2302
4891
10970
5284
6174
8703
2902
4026
4177
209
449
486
1584
168
-821
-921
-2058
645
1151
585
466
1254
1576
2017
957
1134
293
-541
2727
2373
1856
2720
3828
3313
4577
2713
-1068
537
-833
-1954
-2096
-342
19
-1580
797
1433
1701
2227
1722
2422
3620
3222
2314
2607
-516
65
-1077
627
2643
-2639
1351
3369
2075
3239
4197
1291
455
2834
2772
1905
2422
3065
1683
893
1698
-1073
-5495
-2759
-1883
-3194
-3994
-3732
-3899
-4026
-956
-1949
309
5449
3661
2262
2613
-258
1587
-2388
-5996
-2493
-490
-828
-3471
-1111
-765
-2429
-2844
-2904
-1624
-2078
-3903
-1553
-5529
-6370
-2859
-4099
-3077
-5384
-4186
-4882
-441
-2876
-11578
-9821
-6514
-5096
-3616
-911
-3420
63
946
2299
5348
2559
5685
5320
2832
4971
2999
4524
1325
-1062
1379
-3577
-2370
-570
-720
-2284
-2639
-2315
-6763
-8488
-6899
-5523
-1963
588
-8
3144
5502
6656
4764
2100
2754
2011
2758
1196
-955
-2241
-2246
-4401
-3440
-1110
-2939
-2760
-3866
-2472
-2482
-3961
-3743
-3081
-3595
-1088
-1360
-1541
-4137
-5658
-486
-2090
-1259
330
595
2441
1646
3392
3868
1648
2360
2743
3050
2771
1748
722
1072
3004
1434
1625
3127
2416
4515
4271
3304
2657
2097
4822
2327
1387
2379
742
3078
5717
4729
4663
6198
5520
5278
5369
2565
1246
3309
2540
1921
2455
2007
2102
1811
1382
1569
149
-2096
-3784
-5838
-4009
-1912
-2523
1577
2523
-697
2270
4795
5187
6557
5837
6316
7151
6319
4509
3545
2822
1466
1570
-839
-2032
-1178
-456
-1552
-3224
-3635
-1711
-914
-2299
-2749
3423
1164
303
1074
-5730
-8154
-9790
-5714
-10810
-5319
-4715
-6634
1934
-4651
98
798
-1585
3282
1193
5605
5673
1283
3453
443
-411
-2141
-1909
-3529
-5695
-5655
-6997
-2188
2950
-3350
-6997
-812
-5703
-4157
-2013
-3556
1635
4037
3600
-497
-1651
865
-1165
-2814
-184
-1314
-1159
1341
-1008
-3013
-1731
-2008
-1063
224
-1598
402
-891
-944
-257
-718
669
-199
423
2825
3584
1663
2630
1336
78
-959
-3719
-370
-700
-3488
-2066
-700
-3353
-3084
-2504
-5225
-3405
-4765
-4181
-2086
-1469
-529
546
2242
2845
1487
985
2036
2108
1548
1024
370
562
2102
3623
2988
-133
2663
3010
-1522
-1412
-2257
-2494
-1574
-259
1895
2623
3000
1408
1725
1014
1540
801
-645
123
2714
1960
18
-512
-2750
-4138
-5699
-2805
-2736
-114
2013
-436
461
2366
3309
815
703
1750
374
3476
3908
3212
4422
4801
3391
1727
1942
1052
2693
2277
3140
4832
3669
4753
2976
2694
-626
-9534
-7301
-1080
-1861
-1052
94
-1297
4403
3925
-528
3134
3271
6474
6344
5205
7630
4565
3549
2866
3659
3878
5225
5768
2700
6909
6433
1564
-1323
-5176
-6632
-5035
-5302
-4056
-3076
-4501
-1020
-5815
-4443
-4250
-6842
-6238
-8764
-5643
-4104
-3844
-1990
-1247
-992
-2558
-1470
-651
-689
-647
-1580
1027
-155
-746
-324
-345
-1525
-1885
-258
-2168
-2247
-3549
-3693
-2701
-1786
-2660
-3129
-660
-1789
-800
-1478
-2457
-647
-137
1545
1612
798
336
1669
2680
1318
-314
-697
-210
351
-1970
-1843
-522
-1772
408
-1578
-474
-386
1273
1441
-787
1886
1692
2497
1173
552
311
-1820
-2918
980
1498
-864
2181
2071
3346
6287
2900
2464
3226
2064
1094
509
974
-380
895
-674
1305
3511
-878
-2995
-2841
274
1146
445
2304
4278
6911
10924
9602
9059
10060
7203
4075
4119
2862
-3031
-3999
-3430
-4765
-5269
-5394
-6890
-5819
-3414
-4394
-6387
-7876
-7460
-10560
-11588
-7155
-5990
-1995
4572
1230
2574
6854
5216
6733
9689
10767
12334
12530
8614
4494
3398
1493
195
-1029
-6833
-1971
5284
5818
-1999
1430
2578
-3452
-1356
-4621
-1850
-1204
290
3911
2181
5388
2290
-1460
1959
-3785
-6551
-5148
-6221
-3532
-6588
-8190
-7499
-6696
-5731
-4774
-5472
-7201
-4481
-4612
-4909
-5483
-6377
-4507
-1693
-2578
-2781
-3288
-3028
-2629
-3444
-808
-873
-120
2024
2581
1583
1165
-926
-1094
-990
-1147
-217
-293
2130
2950
2961
4090
4714
5152
6251
6786
6042
7270
8001
5540
6529
7195
7020
7819
7381
5568
5724
5980
2170
683
-2950
-7209
-9000
-8379
-6853
-8301
-8239
-5153
-6419
-7687
-7295
-7940
-6930
-7847
-2887
826
3280
4110
5567
7846
5197
4664
5256
6691
6879
8742
8059
4845
3900
326
-5035
-8582
-5019
-4434
-5314
-4391
-2153
3317
5101
5164
5628
6199
5691
5226
3676
2963
2206
-26
1815
520
195
-2006
-3842
-5579
-9184
-9721
-10078
-6850
-5005
-1885
-920
253
1502
3038
3601
2123
1857
2189
5240
3776
950
321
-277
631
-1418
-3360
-4579
-3823
-2943
-4760
-8157
-6311
-5401
-5304
-2187
-4599
-1775
4043
2625
2848
1471
691
4055
2504
5173
3114
1088
3437
2689
3802
3351
2279
1930
4447
5695
4071
5535
7780
8678
6743
6049
8241
7236
5090
3122
-467
-4340
-7620
-6520
-6594
-7383
-4909
-7019
-8142
-6910
-9583
-10615
-8606
-7344
-4944
-2804
-2199
2229
5208
4720
5632
4140
2794
4384
3175
3880
4706
3304
4391
430
-389
-902
-2009
-3096
-5265
-2979
-3522
-610
1223
-58
1767
938
-51
795
-547
-1264
-328
-1711
250
-84
975
1221
-477
1538
-1523
-2062
-2603
-2239
-2043
-1395
-1137
-1294
1134
-2261
-619
-1344
-2443
274
-522
154
1417
1410
-205
-1200
-2140
-1661
-2578
-2385
-1542
-55
2543
2125
5949
7766
6536
6362
6468
5660
4302
4456
2617
327
226
2631
1041
362
1828
213
-193
3754
5726
3926
5831
5966
3337
6282
6610
7356
9407
11319
13209
10327
10815
6953
5380
5485
-1619
-7770
-11818
-12607
-11100
-13597
-16990
-16091
-14886
-15919
-14853
-10819
-9048
-9858
-5376
-512
1727
3832
2605
3402
2604
153
-231
-790
-1471
-561
-348
-1436
-1918
-2213
-3534
-6608
-6919
-8368
-9529
-11501
-8364
-4983
-6504
-1207
-1978
-2706
-3720
-3298
-1364
-2210
1387
3278
5255
6645
5378
5230
3046
3331
2271
-901
1216
-1514
287
3926
3281
2103
1590
1853
909
3219
1805
408
1508
2787
427
2463
1255
573
3372
1152
-392
-4501
-2100
-1707
-728
-2948
-2652
1963
678
-58
-1077
75
1455
-1433
-1630
3089
1919
-386
1505
-980
-889
3801
2257
3019
3656
2699
5183
6550
2504
317
2669
4844
7933
5626
5695
6761
8615
8943
4765
7311
5064
-180
-367
-4267
-6240
-6067
-8411
-10693
-9499
-6970
-6535
-6269
-6939
-4281
-1947
-1094
-1898
-836
1990
2329
4627
7140
8670
6817
6414
9739
11727
12580
12738
11176
11078
8865
4472
1838
402
-3249
-5523
-4003
-2957
-3849
-2668
-5087
-7437
-5962
-7475
-6310
-10230
-10837
-5612
351
5085
6010
6233
4274
9611
4846
-662
2303
-2161
-1848
-729
-2848
-5645
-5521
-7194
-8281
-8753
-8061
-7198
-8900
-5778
-4398
-3771
-4228
-5074
-4347
-3322
-1964
-3148
-4025
-1748
1418
2620
2498
3345
5287
5524
3974
3896
3849
1910
1534
2633
1637
1646
1526
2177
2466
1627
2551
2257
5574
5019
2077
3976
4901
3928
2140
853
2210
3122
3688
5600
6321
8852
9768
6990
5191
2311
-4510
-6002
-4296
-3662
-3590
-7229
-6553
-7675
-11442
-13089
-12685
-11560
-7587
-7304
-6590
-707
-1887
4579
6051
1191
731
2665
6150
3915
4894
4135
4877
6840
3809
-446
-753
322
-3309
-3798
-4030
-3171
-2689
-4918
-3651
-4801
-6383
-5825
-3561
-2824
-2815
66
-235
-1525
-507
-1088
-1166
745
-1144
-428
-2285
-3618
-3561
240
5441
3230
3620
2294
2151
-381
363
-262
-1211
1792
958
2623
1945
264
435
63
475
2315
1481
2746
1709
1136
-241
-2346
-4631
-5208
-6020
-6697
1043
3937
1182
6183
8152
1156
3558
3307
1554
2021
1441
949
1375
2045
-720
997
-349
-107
1900
1646
3746
3010
3870
3763
3311
1042
2885
4288
-2372
-4371
-6491
-8492
-7118
-3330
-3407
-4331
-5391
-6168
-6619
-9608
-11824
-9616
-2948
-4806
-2616
2102
4619
8670
7364
5223
6615
7812
7194
10224
10949
12209
11256
8550
3240
-764
-1342
-3211
-1520
-1957
-1335
299
834
1125
-326
-2199
-4424
-3840
-3463
-2289
156
627
2821
1838
2858
3108
759
2210
-238
559
433
-2913
-2807
335
2854
-498
-904
-3448
-4232
-3501
-7369
-4222
-1915
-326
1093
-1319
-702
512
1256
4784
4581
5734
6749
8312
8500
5131
5793
2426
3481
6081
6474
6353
5532
2453
-290
-2718
-5922
-5589
-7018
-11159
-12771
-1170
6689
5401
3162
4029
9662
8715
4208
3427
4494
7974
9327
8586
7094
5664
6115
4773
4770
5513
1286
-6342
-7930
-7845
-10858
-10346
-12871
-17183
-19406
-21527
-18081
-15830
-12401
-10238
-5800
-1822
-4218
-1036
-844
443
2287
-2644
-2016
-213
2385
5764
4601
5858
7297
6472
3713
472
-840
-311
-4
-2395
-3114
-4146
-4007
-2951
-5242
-8237
-9898
-11105
-7663
-3867
-4235
-3636
-1839
-524
-705
816
-672
-3245
1334
1046
-13
3426
2357
3333
4340
1987
622
1288
1223
1071
3027
2150
234
-107
-4191
-6030
-4805
-4504
-2880
-2013
590
1075
1906
3597
2186
1249
3244
4200
1414
2591
3582
6766
6767
1740
912
38
-249
398
36
956
1823
2281
5340
4286
2402
2924
1290
4048
5065
5428
6821
4488
5955
5129
5732
6960
7304
8954
7197
6239
4226
-2168
-4989
-4076
-3436
-2483
-6064
-10785
-12327
-10582
-11853
-12021
-10199
-7651
-4193
-4278
-1247
-4279
-5293
-2420
4240
-440
2273
13302
12810
21025
17929
23388
26238
15537
14729
13386
10693
11148
10782
7967
5099
705
-466
-1896
-1628
-2541
-7024
-9668
-8160
-9757
-16341
-12917
-12978
-16114
-8091
-4562
-6668
-4654
1859
3974
4960
3629
797
5557
856
-893
-459
-6319
-5422
-3604
-4283
-5396
-8716
-5356
-7557
-10743
-5314
-8219
-7513
-5474
-3999
-1849
-1589
-1405
-1524
-2163
-1620
-609
-1253
1818
3780
4769
4622
5059
5387
2423
875
1927
3301
5202
4878
1621
3189
2271
1476
4773
3716
5040
6919
4945
6849
6784
7871
6763
2468
6609
4782
3591
5961
2173
-2804
-9006
-10398
-8905
-6225
-7545
-8330
-7981
-11893
-12236
-13735
-13296
-10803
-10357
-7605
-7126
-5226
14
2129
3414
2850
184
676
4939
8161
9596
9791
9867
7002
3305
1146
96
1275
-605
769
2496
1465
2689
3004
2063
-940
-2344
-3012
-1506
-1445
-2432
-2554
-3884
-5093
-5792
-6049
-5707
-2040
-2658
-1356
-3388
-5635
-4277
-1488
-3094
-3306
763
-3771
358
-551
708
6516
3443
6272
5699
9141
6645
-404
4700
3163
-3017
-2966
-2906
-3290
-2421
-2349
-2936
-2686
-217
1537
231
-993
1431
-807
517
-2110
-1531
7956
9955
11416
13096
11719
9345
9330
4391
5860
6103
2455
5498
2923
1708
126
1100
180
-1380
3072
843
1521
7748
5281
3300
-2728
-8296
-7853
-7344
-4993
-4972
-4158
-4244
-9581
-11556
-10156
-9654
-7900
-7941
-4737
-4964
-5495
-1364
568
-138
-2064
-2113
812
5656
7435
10622
11774
7634
5586
4020
4509
3457
3315
3623
4135
3425
-1021
-1738
-1134
-422
-3933
-6231
-6403
-6256
-3118
-3800
-3982
-5152
-5910
-4424
-5903
-5623
-3233
-802
1986
528
1634
4197
3129
3408
1248
377
1753
3434
4128
3512
258
-901
994
-1725
-6769
-5480
-978
-1693
-2145
-680
-3085
-3349
-2746
-2545
-1009
-870
888
665
3280
2761
3889
7560
2546
7749
10653
9214
10748
10744
4799
-2221
-4421
-5262
1243
1349
1039
3909
8670
7358
5207
12928
7373
7560
11896
9024
12987
9930
12768
16004
7172
2572
-148
-5723
-9099
-9268
-7095
-6362
-9313
-11670
-14360
-15181
-16641
-20079
-19388
-17042
-12407
-9566
-7067
-2594
1990
6209
-869
-768
3165
3531
5215
2100
1678
1150
-1140
-1783
-406
-805
-1635
-1458
1139
2627
-574
-1223
-2164
-1782
-2474
-5890
-5017
-3629
-3491
-298
-1089
-6097
-3867
-4360
-3644
-5827
-4142
-610
-1576
1457
-693
-761
104
1508
1772
1194
4104
6711
8407
6944
4638
3580
1754
-539
-149
22
-596
-1789
-2415
-2389
-4656
-6476
-5196
-2468
-4974
-2569
-2139
-3524
1939
910
-2195
-3364
-1036
3393
-692
331
3161
966
3947
1648
3027
4833
3116
6389
5207
5890
6202
4901
6066
6789
5424
5751
7717
5848
7302
7304
4293
6422
6416
5325
971
-1896
-5396
-7098
-455
427
-476
-3725
-6577
-5071
-6066
-6043
-3905
-4108
1622
2537
-953
959
-1258
-2758
-2818
-6373
-9278
-1095
4675
7606
9757
6260
12185
15978
12915
13749
17590
15571
14801
14646
10084
9909
7056
715
-2012
-2866
-3886
-5120
-7113
-3073
-7257
-11083
-8926
-13097
-13031
-13292
-13773
-10981
-6422
-3845
-3869
772
1386
2038
4537
3994
5044
2370
3766
4646
-5798
-6450
-5488
-8532
-6109
-9486
-7948
-6203
-6462
-5174
-7779
-8090
-6545
-5631
-5029
-4829
-4198
-4067
-2077
-3065
-3231
-1476
-2991
-1835
-4786
-4912
-3396
-2264
-1631
-1688
810
160
787
3462
3830
3308
4369
5049
6251
6105
4384
5607
7025
8923
11927
10221
6619
5876
5247
6810
3592
-956
-4200
-5443
-4010
-2143
-2810
-7876
-8753
-11345
-12253
-13031
-14729
-12508
-7909
-4309
-7088
-5674
-2053
-829
23
-1915
-2035
-1247
1658
5157
6924
6376
8845
11194
8358
7690
8156
8290
5456
4692
6710
5339
3782
2629
-1443
-2619
-2785
-3329
-4585
-4166
-1886
-5595
-7471
-4337
-5178
-5176
-3539
-3330
896
-48
1027
326
-5108
-1932
1419
-140
-4217
-2396
2327
5458
6927
8919
11274
9725
10729
13872
14916
13461
7745
7178
10582
5646
2461
-1219
-3286
-2152
-3814
377
863
877
483
138
909
1053
3338
1548
983
2470
2747
2415
552
2820
4483
3487
7642
11013
11066
8998
5599
5448
2309
1931
3503
-154
1013
601
-3104
-2888
-1942
-1220
533
-2239
-5037
-5786
-6164
-4883
-2433
-2861
-6711
-9015
-11418
-14530
-15534
-14103
-13022
-10158
-8443
-9953
-6632
-3550
-2635
-4066
-4994
-4023
-1029
3687
6516
7822
8872
7961
5900
5774
4978
2726
4979
6261
3783
3215
1023
277
-1614
-6766
-8863
-8781
-9710
-9300
-8811
-8555
-9994
-10610
-8427
-7919
-6917
-5486
-3700
-1677
1724
1310
-838
1776
3155
5971
7341
2635
2884
6282
5575
5024
2544
286
1442
1553
-1243
-2356
-736
-2084
-2173
-1770
-3768
-6333
-6397
-3403
-2766
-2227
-1366
-1535
-1228
-2241
-1088
-952
-2020
1170
5263
8961
8809
6085
5971
3224
-27
851
2713
3979
5499
7301
46
-1300
3786
1692
3119
7914
14047
14364
15133
15517
13149
12868
10305
8519
6353
4571
-1163
-8694
-5956
-2241
-2486
-6143
-8644
-9077
-14493
-13081
-8092
-9134
-10044
-7666
-5372
-4830
-3243
568
2115
4645
7273
6625
7887
11755
12316
9826
8401
6967
4593
3046
243
593
2688
1196
3410
523
-3616
-3192
-2894
-7282
-8811
-7749
-8422
-6601
-7306
-7863
-9612
-10394
-9606
-8444
-7523
-5381
-3789
-874
267
-1132
1026
298
1076
3472
2349
2714
4769
8373
8197
7739
5932
2870
3166
824
-1327
-640
2071
509
-323
-3769
-4617
-3560
-4465
-3887
-4309
-2951
-1468
-434
-1239
-366
-1170
-3150
-350
2094
2257
3336
3391
4477
3734
3410
3476
3026
5041
4116
2332
3265
4576
1717
-181
-3808
-3216
-140
1098
3533
5648
6602
7379
6539
4640
6619
5283
3989
298
-5526
-7521
-2933
435
-2769
-3481
-6159
-8373
-10096
-11685
-11406
-9099
-7447
-10332
-11125
-9962
-10170
-6238
-820
-202
-1360
2326
10086
11310
10439
12099
9488
10093
10636
5949
4345
8872
9227
7675
9661
6904
3749
-1644
567
-841
-5788
-10061
-12498
-9579
-10918
-12851
-15540
-14489
-11610
-12116
-11094
-5510
-3185
3036
3810
-795
3981
1867
640
3285
1239
-61
2164
4158
1439
-431
463
-1851
-3797
-4272
-5869
-3672
-2038
-3506
-5217
-6227
-5943
-5010
-5211
-8145
-5401
-800
-51
195
793
1741
2592
2898
1379
2934
4276
4817
5211
5703
2383
2268
5035
2050
3612
5836
6748
5375
6102
6831
3884
5453
3274
3964
6621
5642
4815
5166
6233
7002
6123
7383
8245
8552
9101
1318
-4023
-6109
-3632
72
657
-970
-4649
-6208
-8164
-9634
-13085
-13355
-8898
-7383
-8517
-7175
-1901
936
2183
2475
505
1302
6255
10383
12260
13415
14333
14802
12486
10038
9109
9068
9728
8287
6546
7700
4187
735
-1562
-5062
-8809
-13151
-11276
-8572
-5673
-9056
-13457
-17241
-18758
-15021
-16263
-13260
-8326
-5307
-1334
1705
6039
7820
10804
14519
13853
14714
13719
13736
16108
11550
6802
5620
4986
1043
982
455
-516
416
826
-2020
-5552
-5205
-3772
-6048
-12628
-10388
-8498
-6591
849
3310
3235
6449
5867
856
1409
4186
3873
3809
2068
-1032
-2099
-4252
-3062
2076
188
-3467
-244
1049
87
-1031
-5517
-4820
-3923
-3708
-1789
-2550
-2589
-2317
-1414
-1401
-329
6
-315
-3295
-6191
-7540
-4969
-3014
-5618
-5630
-9508
-12050
-13548
-13554
-14478
-11490
-8293
-9338
-7322
-6162
-3931
-1651
-1115
-1430
-716
1615
5090
10943
12370
12728
14676
15017
11902
8671
11741
10506
8889
8326
6423
3329
1905
78
-2428
-1749
-6465
-7748
-8482
-8678
-6740
-8686
-10425
-8865
-8362
-9091
-7033
-7123
-3804
-547
2377
2224
2550
6129
5275
5869
3941
3466
6897
8411
8109
5649
5367
4320
2190
-64
-2438
-275
-2654
-2909
-2410
-3739
-4689
-3707
-3323
-5017
-3302
-2570
-1600
-5473
-6203
-5268
-5171
-1650
3681
6001
6984
9775
13500
14649
11030
14499
13636
14259
15579
10186
11023
5895
2870
3809
1850
2141
3891
2327
-5967
-5507
-827
4000
2668
1119
2739
932
2106
-556
-3410
-3806
-3965
-4214
164
6045
8890
5820
-3041
-3407
-2809
-7641
-9594
-11201
-8208
-6769
-8640
-9558
-6718
-3348
-2670
-3982
-5666
-989
1865
5112
8617
8548
10944
8427
5254
4929
968
2045
-380
-2145
-413
-1851
-3775
-5132
-3502
-2459
-1304
-8210
-8197
-2508
-5533
-5830
-5409
-7133
-8858
-6678
-5399
-7585
-4964
-1790
-1008
408
-2946
1797
3180
-138
1055
-386
3024
3544
3812
2036
1121
3054
301
-2384
-3292
-2719
-3665
-4912
-4915
-4780
-4355
-5235
-4675
-5497
-4810
-2607
-3147
-1764
123
2138
2615
2947
3493
2796
3452
4519
4778
5424
7324
7058
5299
4711
6508
7316
5223
3965
6102
7024
8059
8091
6594
6939
6216
4146
3517
2775
3639
4946
3918
4228
684
-19
-2766
-9053
-13412
-14363
-10375
-7023
-5152
-9482
-14511
-11621
-6051
-4340
-4416
2950
3903
2001
7040
6285
8050
9116
7656
4060
980
1076
2424
6994
8047
10021
11660
12298
8859
5931
5354
3873
2294
2282
-236
-1705
2718
3417
3295
1195
1514
-247
-4454
-5437
-11075
-10867
-7889
-8436
-8505
-10090
-10365
-11026
-10762
-11502
-13070
-10060
-3888
-796
89
980
-1124
-3523
-3272
-5432
-5092
-2167
-1383
-1007
-352
-4094
-6411
-5906
-4009
-1629
-3823
-3476
-2896
-1498
-438
-1544
-2900
-1335
585
-292
-1224
2225
5531
6797
5743
3786
4212
2649
3484
1837
1436
4814
6417
3693
3046
4938
4001
6061
8373
5432
6751
11093
8907
6235
6995
4410
5264
7993
5610
5789
4756
4836
4492
1973
3153
1122
-4799
-8904
-9861
-7645
-6714
-6905
-7563
-9026
-11129
-12601
-12078
-12549
-11068
-8739
-6888
-4094
-957
2862
4980
8051
7463
4035
5612
8018
10822
10942
11536
13753
12744
10606
8251
7250
5268
-2794
-5607
-3846
-2977
-5159
-5191
-2612
-3877
-1541
-6046
-8363
-5974
-3939
236
1745
4933
6891
7247
9766
10034
6852
2885
-373
-584
3570
1644
358
2043
-400
-3173
-6559
-7576
-9092
-6521
-5454
-2865
3226
30
-1124
-2393
-1643
-2584
-3735
1091
-879
2931
4090
2548
3340
-519
-2753
-5533
-5475
-3715
-3527
-3557
-2232
-1484
-3817
-2770
-205
-1716
-1621
-1261
1919
2065
2491
2355
-1358
524
110
-1794
-3877
-1606
172
2465
1829
2483
2197
3776
7338
135
-6930
-3952
3634
815
4564
2855
-1669
-1030
-10104
-10529
-2707
-3885
-4373
-5025
-8415
-9130
-8501
-9787
-10172
-5290
-4167
-3513
-2341
554
5727
5162
3145
1499
2871
7319
7212
10314
13480
12684
9553
6131
6761
5170
2432
1600
-1300
-4250
-5063
-6454
-5870
-6250
-9206
-8237
-7693
-8537
-7922
-6390
-5198
-3313
-3177
-1986
761
1140
2547
2135
3008
4557
4547
4218
5321
7209
6280
7101
4482
4684
5862
4546
1098
-5677
-6334
-4938
-3924
-6562
-7891
-5908
-4711
-4043
-2936
-1612
-1943
1601
6845
9869
7040
5708
9293
10794
10412
8470
9069
8444
8198
8796
9204
8988
6605
4959
3732
-440
-4352
-3653
-823
-537
-620
1493
3194
5248
9815
9041
9998
10862
10477
10619
7512
7910
7188
4255
4191
4663
2253
1224
-2040
-3496
-5591
-10892
-12115
-11535
-12525
-9376
-10042
-13180
-11013
-14751
-16211
-15775
-15696
-12080
-10389
-10019
-7247
-3901
-2668
3376
3488
1906
1966
2978
5616
6896
8088
8435
8842
7666
5962
1687
2102
329
-870
-2547
-4544
-2721
-3368
-2838
-5144
-6561
-6987
-8466
-8572
-8117
-7667
-7788
-6173
-1042
-1084
-388
645
-283
3635
-2195
-11153
-6936
1169
-1613
1873
2076
-5033
60
1007
682
1636
-3377
-2374
-2533
529
-1034
-3827
-996
-2818
-1769
-4405
-5887
-2401
-1437
-3494
-3353
938
2346
2852
3600
2159
4061
3817
3769
5802
6275
5817
4296
6054
7700
4310
1230
3584
2770
-258
-329
1729
784
1333
1098
-1693
2502
1919
-1541
212
4824
8285
6949
9339
9929
8664
11764
10306
9200
9692
10054
10028
7692
4434
-495
-1531
-671
-2338
-3631
-10195
-12755
-12376
-16279
-13815
-15643
-15041
-12332
-10257
-3532
1366
4806
8216
9800
11137
11488
8517
8993
9627
10884
15009
14743
13518
8435
4978
4406
1712
-455
-3866
-4770
-5261
-4034
-2308
-4736
-6662
-6629
-7175
-9147
-7615
-6493
-7916
-5390
-5293
-6047
-2635
-2157
-666
-1436
-432
1834
511
-257
182
1472
80
884
768
1067
-265
864
-1066
-3512
-3185
-4475
-3395
-3563
-4524
-5889
-3840
-3569
-3778
-2349
-1537
-665
-831
1589
5115
3160
3246
4348
2567
2542
2020
1500
1748
447
548
3068
3614
3681
2735
1901
3464
2370
1759
1960
1795
2504
1088
2010
1474
1414
644
1467
443
-1013
-1
-5635
-12377
-11191
-3873
-1869
768
-2571
-4450
3666
3884
678
-1183
-2286
277
2871
3384
-862
-1717
-4275
-8425
-9862
-13003
-13414
-13010
-12455
-12346
-9655
-2661
2056
5626
6525
5142
9194
13341
9970
11736
14339
12081
15251
14239
8802
11716
12096
10224
5529
2227
3086
-1649
-4936
-8300
-8805
-9741
-11552
-11190
-14112
-12956
-9732
-10188
-7597
-3546
-274
2753
4919
7540
7354
3909
1642
1627
2977
5726
6110
4275
4265
3439
1904
379
-2589
-3906
-5551
-5941
-5584
-6281
-4531
-5323
-5496
-6077
-7257
-6919
-5861
-5271
-3759
-3304
-3072
321
625
494
3465
2312
891
1575
334
1164
4193
5280
3062
2681
4259
5237
6752
3475
1209
3688
2511
4479
2900
2097
3332
4158
4442
365
3482
3325
2633
4242
1606
2652
4435
3066
895
1530
2559
3681
3772
4462
3295
870
-160
-5621
-7020
-3072
-5668
-7825
-6268
-8900
-11003
-10328
-10507
-12763
-10551
-8112
-7851
-5315
-2381
2254
4012
4089
5618
5420
6258
8962
11142
12591
13193
12700
12168
11619
10695
10249
8569
8529
6765
1639
4601
563
-7765
-5021
-6721
-8535
-8307
-6414
-11411
-19446
-20374
-10743
-5992
-7409
-1880
-3945
25
5426
2468
1259
-563
2614
7915
8354
10281
10577
11266
12658
13991
10635
6375
4246
-730
-2931
-5665
-6162
-1268
-5108
-5467
-6171
-4687
-961
-4565
-7409
-9152
-3191
-2703
-6459
-3224
-984
1288
3392
-1928
-818
3040
2188
5199
5022
3150
4317
3661
1295
1899
-235
-1818
-1554
-2031
-1185
-2007
1
799
-122
499
1011
257
-1832
-3833
-1975
-3040
-3381
-1539
-1344
-407
-545
-52
841
2225
2296
1871
1031
-169
-3200
-3670
-2235
-2407
-2266
-4817
-6317
-5239
-7547
-10451
-9853
-10406
-10382
-9435
-10208
-6927
-4010
-4013
-2323
-1507
-171
280
735
2163
4769
7156
8290
8696
9590
11469
11174
9328
7550
6114
4993
4256
3446
2858
2136
106
-987
-4278
-5686
-7426
-9064
-8879
-10679
-9448
-9840
-8859
-7996
-9354
-6160
-6245
-6206
-4731
-4374
-1709
-487
2285
3602
7129
9004
9970
10556
6284
6898
7819
4902
1916
2808
4954
5540
1818
3432
6191
3020
2284
1366
3089
4775
3743
3221
2827
4461
2622
3270
923
-3609
255
2390
3845
5378
4342
4970
3292
3916
5304
636
208
2180
4116
6960
8394
5003
5486
3060
1292
5108
5784
4761
2300
3444
518
565
1608
1155
111
793
4012
1703
1736
3365
5417
6938
4773
2012
911
-884
-1563
-3251
-3494
-4061
-8240
-8286
-8682
-8118
-7396
-9441
-7913
-7049
-8922
-10647
-5799
-3375
-4079
-4981
-7354
-5128
-5005
-4513
-2337
-1818
100
1107
1482
3379
3347
4312
3128
2521
3504
1568
2525
3987
3263
2780
2295
248
-448
-3718
-6936
-4844
-6138
-9948
-9616
-8063
-9899
-10767
-10596
-11784
-12752
-11197
-9140
-8289
-6897
-5265
-3120
-1904
1129
4619
4528
4936
6608
6121
5917
4699
4383
5378
4535
4637
4523
3823
3114
165
-429
784
-1914
-1942
-2032
-4038
-5827
-4724
-1952
-3513
-2887
-2117
-800
-869
-1011
-1519
-2139
78
-990
686
4969
3695
7725
8869
4730
9390
13056
11742
8464
10587
9566
9422
10258
5058
4363
5387
3418
243
2758
3934
1353
-524
-2142
-3862
-2275
-798
1665
7320
8213
5967
3384
4374
4314
2169
2355
2647
920
-195
-1177
-4921
-3211
-2543
-3490
-4044
-8737
-8519
-7767
-7890
-6104
-6693
-6393
-5149
-4909
-3021
-3348
-3158
1692
4220
1956
2818
3207
717
3569
3571
1
344
3186
2370
687
2797
1429
1044
380
1970
1786
-600
156
-3317
-2558
-4350
-5982
-3958
-5212
-4774
-7588
-7419
-8320
-6692
-5600
-7941
-6111
-6412
-5044
-1643
-892
-694
1501
4919
3109
1026
6395
5290
5351
5597
2743
4107
3873
2058
-588
366
-819
-4993
-6964
-5010
-2171
-4419
-3432
-1844
-2045
-3470
-2935
-2780
-2121
-270
-1040
903
2504
4949
4813
5100
5279
5377
6993
5291
6028
5408
6367
7018
6951
5783
4273
4982
3761
4678
5408
3689
3836
2575
-487
-3396
-4350
-4991
-3207
-2957
-4495
-3552
-1617
4997
4415
3437
4969
5500
6591
6077
5956
4756
7399
4753
3588
3957
737
1383
-1800
-3301
-2732
-4158
-6893
-8181
-8185
-8930
-9658
-8770
-8424
-6447
-6732
-4912
-357
364
1065
3929
3430
2328
5534
5032
4703
2035
923
856
-176
773
903
-308
-528
278
-1811
-2159
-3259
-6003
-6525
-4023
-2528
-3001
-2371
-2696
-1027
2946
2429
-1619
724
2233
473
-477
-4234
-2468
-2152
-5305
-3781
-4762
-3553
-558
-3558
-1903
-2848
-3165
648
-4012
-4637
-2104
-3059
-3477
-6395
-7042
-4304
-2242
-2076
-3991
-1807
-801
-889
-1004
-1460
-351
-163
3485
2005
840
3277
3743
5938
5111
2936
3009
3624
3039
1298
-1280
-1140
1918
1034
-136
821
-401
1018
53
-646
-1654
-2497
-1183
-1003
-640
-311
2503
3660
6256
6246
3191
3776
4536
3107
3480
3875
2057
4235
4114
5680
4257
1147
3085
2717
1579
132
1736
-483
-2568
-4894
-8463
-7617
-8256
-9221
-9023
-5420
-1758
-1553
343
1024
2036
5048
7221
7589
8260
6469
4574
5048
4101
4925
5712
6290
6711
7141
7774
6398
3284
3299
3712
2135
2578
2465
3155
4075
4473
5217
4456
5491
5753
3430
3531
3106
1821
432
265
1
-1460
-1958
-3590
-5650
-4848
-3352
-6161
-7115
-5112
-5559
-5623
-5835
-4463
-5197
-6780
-5114
-7248
-5415
-2293
-1000
-1307
-1066
-725
86
4102
2823
2282
3855
3426
955
1185
1766
-1503
-2447
-2301
-1795
-2835
-5037
-3150
-2004
-3703
-2405
-1117
-2121
-1694
-2143
-2332
-1162
-5318
-2851
-424
-2693
55
-1425
-1153
1109
3
-100
-381
-301
-274
-1419
-1681
-2463
-3158
-3625
-2785
-3999
-4644
-4622
-7255
-7364
-4918
-1789
-1191
-1552
-835
-271
884
229
-2468
-821
-1099
-1397
1966
-1022
-3325
230
-287
-60
-441
-2582
-843
-2596
-4068
-3238
-4549
-5244
-3472
-2240
-2230
-609
-1634
-2172
1940
805
-843
-3452
-6441
-7419
-6005
49
3168
431
1795
6608
5293
8989
10001
8285
9417
11036
12789
13250
10360
8198
10084
6018
3101
968
2139
1475
-749
-693
-4648
-5685
-4779
-2375
-5324
-5603
-2646
-4772
-1070
2074
461
768
2564
3202
3865
5772
2422
2686
4946
3484
4598
5304
6484
4488
5051
5889
3742
5439
2459
413
2016
1240
1832
2023
1020
-326
-1319
-368
606
-960
-1260
-2901
-2900
432
2179
2511
3261
4327
4166
7576
11302
11925
8761
8751
8720
4859
6549
4291
2269
1530
-717
924
-2101
-599
-114
-2099
-157
-1008
-952
-595
-2552
-1097
-867
-1199
-979
-572
-458
-4097
-390
-85
-2878
-525
-3244
-1658
-2630
-3902
-4757
-6878
-4883
-7594
-6677
-7798
-8008
-6661
-7954
-8805
-6625
-8186
-9739
-5159
-6914
-5831
-5861
-5379
-399
-1608
-4159
-4157
-1727
-2857
-1756
-802
128
316
-305
482
-2662
-3682
-4749
-3343
-2215
-2
1867
-478
1030
248
1253
2864
-1097
892
-4035
-12675
-12795
-5998
-9593
-12197
-6071
-5154
1426
-1018
-1254
2533
3853
5223
4215
3385
1524
6739
5315
2563
4287
599
1603
80
-2085
540
-24
636
-548
-2277
3171
3521
2013
6591
4765
2356
2546
1962
267
-1682
970
1520
-27
-1189
-156
-1071
-1482
-1320
-1915
-344
-1121
1704
2069
2059
1998
1101
4440
2470
2404
1306
1744
3300
3049
3018
1707
1482
2119
4261
3085
4414
2386
2706
4611
3226
3666
5247
5932
5977
6453
5581
7570
8735
6820
5800
4439
2436
2691
1943
-455
-797
-2678
-2874
-1848
-3599
-2482
-427
-2103
-1938
-1841
-3085
-2522
-3659
-3117
-3326
-3153
-1273
-619
-1988
-1548
-2137
-2764
-2741
-3496
-2238
-1715
-1860
-1196
-1173
440
2767
1931
1802
3733
3709
2357
1601
2680
870
40
2228
-20
-607
-558
-1325
-2133
-3091
-2364
-2898
-3976
-3373
-2826
-2290
-1926
-339
82
-2232
-935
537
1085
330
-1048
1639
1167
121
-265
-3865
-5764
-5983
-5471
-5100
-4949
-4344
-4216
-782
-1040
-1193
1241
2028
2998
4862
3084
-589
1934
4367
4964
1259
589
1955
919
98
1765
2464
2100
3961
1504
2423
3406
3530
3502
1942
2943
3711
2157
2058
1585
1371
1104
-799
-213
-858
354
2003
-2967
-5194
-3904
-5304
-7818
-7219
-3031
-3337
-2546
-2414
-1071
-1057
-579
4298
4333
1204
4171
5254
1866
3090
-371
-388
-637
-4502
-3145
-5027
-6585
-1745
-1376
-2242
-2185
2564
2751
-610
2299
-142
1521
-276
-1482
959
29
-3453
-4023
-3279
-3344
-2065
-4122
-4601
-2882
-2335
-60
-1090
1047
3403
-359
3601
3150
2065
3274
1145
2250
3045
1425
1831
1199
1092
1236
-838
-2034
-3009
-1392
-3213
-4872
-4315
-4022
-2519
-1634
465
16
633
983
1234
1639
1103
2192
2021
1141
1034
611
1618
2033
-240
-672
-74
1727
-341
-596
570
1789
1732
1822
2283
-161
1580
3699
3218
3251
1767
1077
-1457
-5125
-6488
-3318
-607
-4281
1053
1681
812
3877
2031
6021
8493
7645
9115
8550
9241
7781
6624
6286
5807
5423
2421
1809
2896
2782
2568
4623
2685
3133
3649
1590
2471
-17
777
444
2490
380
-3540
-4026
-3391
-2505
-4589
-1329
-1911
-1518
-1129
-1500
-537
1249
-246
-3133
-4006
-2697
-1747
-3526
-94
2732
3830
3161
1642
3310
1164
433
-858
-3710
-2010
-3868
-3666
-3711
-6743
-9031
-10714
-8716
-8205
-5706
-5457
-7579
-4943
-3190
-2681
-2617
-2157
-4283
-2952
1781
3907
2256
2781
3308
97
136
-2224
-3781
-3733
-5504
-4716
-4725
-4370
-4747
-5411
-5528
-4802
-3539
-5484
-2833
-2289
-2717
-2062
-3912
-2879
-4267
-5023
-5443
-5529
-4653
-7161
-4795
-3591
-3861
-2395
-3062
-3086
-2699
-518
-1503
-36
1734
523
713
2443
2961
1309
1143
1998
3008
3465
2885
2718
-584
348
3170
667
739
1243
947
1333
578
1735
1882
1957
6028
5934
1931
4420
4553
-3297
-3373
1037
-4183
-4837
39
-1036
96
1489
4714
6344
5355
7659
10564
10833
9173
12656
8399
4482
7218
5732
4963
2552
3651
4219
2892
2664
3165
2345
1241
1887
2041
2157
2189
2474
881
-52
-1003
2575
5845
2991
6341
7474
7696
9049
5998
3816
2475
1484
482
-2503
-2868
-1866
-2880
-1818
-2048
-1718
-1332
-2613
1217
3987
3225
3871
1861
390
105
-2115
-2057
-2332
-4608
-3646
-3249
-3466
116
-24
-4463
-2365
-169
1325
1931
-748
1097
1983
2353
5223
4596
5041
5020
3900
7923
3783
2227
4247
-461
-1405
-1552
-2531
-3170
-5332
-4780
-2131
-3505
-4635
-2961
-3388
-3092
-1738
-733
-3476
-2767
-3222
-3974
-142
-552
-3499
-4063
-1574
-4437
-4489
-5578
-8332
-6985
-6994
-6113
-7472
-8114
-5858
-5725
-4971
-3901
-2720
-2567
-2454
-994
-2524
-728
-635
-2156
-536
-1232
-2251
-1862
-1796
-1904
-1184
-770
-387
1486
1557
2010
3770
2995
2863
3510
-2208
-5024
-4539
-3945
-6611
-6580
-2559
-3631
-2160
1280
4919
4179
5724
7889
5088
7316
7456
4674
6586
5629
2266
1139
1805
384
440
2175
690
-251
220
-1499
275
-897
-1264
396
130
1010
-1251
2345
2649
387
2259
1376
1597
2771
1029
1445
1645
73
58
295
-356
-2881
-4424
-4024
-4960
-6421
-4851
-6488
-7635
-3818
-5692
-5386
-3996
-4023
-1602
-379
1958
1163
1182
1228
2178
2243
1887
4033
2785
2828
3164
4485
2856
2869
1363
-1077
2338
2350
2103
1423
1771
4623
4133
5590
7360
4822
3824
4536
3906
635
-508
-2051
-3949
-4444
-4548
-3023
-3384
-3610
-2909
-2546
-1747
1131
1173
-1012
1323
-900
1551
4387
2146
4861
2268
1267
1260
-252
256
-2162
-3878
-4047
-2869
-2903
-3097
-3307
-4091
-1369
-2317
-3020
-370
-395
-1791
-405
-56
542
1082
2688
2700
1294
3671
1990
3333
2606
473
1262
1630
1593
2237
674
-2257
-118
-4445
-9168
-2333
1291
-4737
-3614
-1540
-3188
-855
-18
4595
5368
3594
8647
8183
7613
8176
5817
6301
3567
4210
3535
2041
2482
1415
2611
378
1022
660
379
787
-1258
-2843
-2767
-74
-2547
-2426
-193
-414
2224
3925
5159
3047
3322
2978
973
3743
1318
-1630
-2148
-2533
-3056
-4688
-4199
-2669
-3593
-3264
-2411
-2971
-3057
-2704
-3003
-4203
-4366
-2532
-4655
-5555
-1451
-2028
-1458
-607
-794
182
-678
578
579
-339
627
-775
892
1244
-2355
-3769
-1845
-1776
-3384
-4133
-1475
777
532
761
-48
2095
1681
531
2002
2526
296
957
1644
1079
849
-403
-1166
-1428
-1988
-696
-737
-74
1611
764
520
196
71
-2166
-2962
-1809
-1916
-4125
-3597
-3148
-5783
-5427
-2777
-3310
-5488
-5016
-6439
-5946
-3680
-4271
-3428
-2479
-2467
-429
-320
1045
1615
1776
4101
2639
3962
4851
3693
4090
4515
3326
2257
3346
3897
2626
1264
155
1105
1332
-5768
-10928
-3602
2011
-1843
-698
-659
-3588
1112
-1554
-445
5003
5836
8025
6710
9569
8892
8080
6886
3171
4261
309
-807
973
-2353
-1410
-1435
387
1725
1141
1810
1551
1721
1138
991
1965
2489
1436
3884
1847
4263
3483
1262
4526
1447
255
-20
436
-571
-1696
-524
498
-807
-745
2170
222
-529
-456
-1
-1487
-3033
-1285
-2624
-3200
-2551
-2790
-1978
451
-1880
-3197
-1284
1411
1463
173
511
798
1624
10
422
684
841
732
-1859
1299
2252
-160
1677
663
-2043
-1861
-7
1757
2565
1902
118
-625
3370
3336
2176
2984
477
3419
2428
-227
890
-1840
-1086
-1789
-3928
-2361
-1942
-2997
-2834
-556
-1595
-1665
-2259
-2629
-413
-1778
-2091
-1671
-1532
-1682
-3369
-4169
-4978
-4462
-4067
-3201
-3483
-5559
-2767
-3533
-4658
-3451
-1699
-665
-1892
-1326
-1320
-605
-249
276
-1192
141
-283
-2598
541
1746
-53
-1341
-2006
-5282
-4990
-3450
-4053
-6957
-4698
590
-3186
2781
5162
3131
6975
4119
4986
6693
8452
6739
6523
8499
5026
5075
4397
1925
1618
3888
2068
-1808
51
2583
1642
-301
-602
-1281
-28
1705
1288
1873
473
2220
3168
6584
7252
489
5923
4580
1677
2234
-3431
-2041
-2863
-4650
-5167
-5792
-3564
-3354
-2906
-1800
-1589
-117
1191
-357
-210
350
-191
261
-436
-1489
-3311
-3119
-2000
-3246
-2337
-1818
-2445
-861
-1164
-1521
-549
288
1206
1193
1894
2433
2963
2412
1229
1545
1460
1897
2580
2223
911
-2290
-1541
-1014
-541
1879
681
2731
2722
1946
5097
3813
2726
2943
4943
4725
2612
2596
1551
3249
3024
-837
853
174
-1012
-379
-1816
-2724
-969
-1600
-3537
-677
-1160
-1737
-349
-638
-1499
-233
-311
-1407
678
-251
-1604
-1854
-2893
-2378
-2451
-2828
-3698
-3420
-1588
-1993
-2133
-1904
-3243
-2785
-3119
-1719
-1540
-1683
223
-1520
-1921
-2404
-1561
-2319
-3236
-964
-3636
-4407
-5690
-3756
-3411
-352
3320
823
4863
4404
4208
5405
5136
3128
3650
3159
860
-1549
-2391
-940
-3309
14
556
-4305
-8009
-7795
-4384
-8014
-5051
1
-1871
2859
6416
5473
4723
4644
3136
4162
3841
-57
1332
-455
-180
1006
-2321
-1385
-1244
-1916
-3205
-2552
-2359
-4305
-1739
-1630
-1199
-3202
-2174
-1920
-1490
1030
-894
2704
4440
1904
571
2520
2508
3168
-266
-789
-1017
-1839
-681
-3258
-2778
-1120
-826
-430
1711
1373
1064
1267
3352
2733
2212
2742
885
2583
1683
-894
-1067
-220
-4
-1990
-1689
-763
1579
3115
3385
5501
3128
4461
1704
978
2644
1006
4960
2788
1934
3486
1925
2788
880
-980
157
-1040
-1048
-561
-1674
-1039
-946
-1602
-784
-3096
-1207
-102
-1869
-859
-1293
25
-127
-281
-135
-924
-477
929
2571
2777
1264
793
1079
289
338
1451
478
595
2282
1467
66
637
1628
542
3261
2635
1841
1147
-4491
-7892
-3075
126
-1630
1678
2334
5113
4982
3173
4713
4578
4608
6967
5333
-379
1647
208
-2281
859
1662
1423
2020
3782
2621
-1467
-1774
-2499
-476
1248
150
1275
3000
3000
2222
1115
37
-526
-1862
-1276
-2521
-4443
-4063
-3555
-3690
-4126
-4810
-5241
-5642
-7471
-9603
-6966
-6923
-5951
-4003
-4070
-3354
-1950
1849
2547
2759
4229
4582
771
-1678
1103
-1831
-683
1793
-544
121
-2206
-2565
-2671
-2938
-2966
-3273
-1845
-3063
-3858
-1713
921
118
210
3002
1392
420
1139
3979
4924
2384
3878
3422
709
-1410
-4492
-4504
-3726
-1413
-1001
-3429
1797
3365
-24
433
224
-595
882
997
302
410
866
788
308
469
-1379
-2397
-1505
-2262
-1646
-2208
-1486
-1370
-2182
-1176
-321
-2260
-2285
-1576
-3261
-1233
-1601
-632
-2019
365
1164
-901
-412
-443
-1055
-2384
-154
-429
-1964
-740
119
312
-187
-1935
1834
1198
2506
3693
4648
4648
-1646
-6663
-7590
-656
-439
905
2160
1795
6608
7034
8619
8524
7525
10450
8028
6047
4562
3010
2896
887
1199
3510
3248
3474
2164
1236
-1323
-699
1430
415
1994
900
2959
1531
1558
3863
783
658
-177
-704
-970
-1395
-1870
-1543
-1198
-2185
-888
-712
-982
-2720
-2719
-2806
-3286
-1696
-2038
-826
143
451
930
1391
2202
494
736
-544
-1073
326
-1317
-333
357
-107
2196
991
1021
3262
-654
-1299
-1989
-6074
-3623
-3744
-6822
-3785
-2481
-1131
-496
-345
2118
4134
5817
6793
7435
8184
6892
4227
6587
4581
1016
4131
2854
301
-231
-5337
-6942
-7411
-8495
-5635
-4342
-3623
-2552
-1288
-290
-1998
-1307
997
48
2369
3708
1242
-1155
-1028
-3338
-5005
-5602
-5692
-4472
-3794
-4732
-4951
-2081
-3399
-5046
-2927
-2580
-4162
-2058
-1190
-1305
-318
-1223
-1386
-1192
-1178
92
-2742
-1825
-2106
-4127
-2316
-2103
-2404
-534
1181
1672
3604
-2219
-11935
-13667
-3080
108
-273
195
731
6351
6128
7238
5882
4128
8276
8249
7366
5361
4063
2309
435
1441
539
2144
2013
1613
2054
853
4299
2841
457
-1622
-4247
-3681
764
1602
370
5865
4771
4800
4641
2420
2310
1813
2431
750
-1208
-1461
-1986
-2127
-3971
-5940
-3138
-3942
-3730
-2886
-2784
-2282
-4337
-1837
-223
183
593
1025
-656
-1125
-569
-1237
86
-1334
-955
-98
432
556
-678
-68
244
1245
736
889
946
1313
457
-15
-576
-1181
961
-254
-670
909
2723
3851
3280
3307
2667
4755
4900
2284
5290
4358
3285
5414
4529
2532
1699
3207
2398
-1300
-2892
-4288
-4397
-2436
-496
-224
-378
1159
-779
-128
4825
4654
5005
7542
7344
4741
4425
2856
509
-489
-2134
-3400
-1499
-1899
-3853
-4149
-5343
-3527
-5611
-4821
-1719
-3443
-2896
847
262
1009
1333
-1514
-2549
-2091
-679
-4894
-2158
-2055
-3272
-2824
-1652
1943
-7023
-17038
-14502
-3813
-5147
-1771
-3456
-7223
2875
2142
4414
4767
3276
7130
6586
8518
7045
3347
4401
107
-104
-1061
-4022
-2317
-6484
-4289
-4128
-3742
1589
3378
1095
781
823
-2118
-756
683
4388
3996
4623
7427
3916
2229
3270
1696
-571
-889
-983
-665
-631
-2123
-3424
-3103
-2914
-3303
-1293
-2643
-3428
-2900
-3799
-3281
-953
367
-109
-1333
263
2166
-32
745
1695
3063
2099
2590
2236
458
3408
2746
638
2281
2957
1637
2349
2063
653
1928
1603
9
844
-10
-767
735
-392
-461
-434
1434
2478
1238
1712
2051
1513
1962
5116
1500
1028
3108
1783
1665
2485
753
-36
-215
-1129
-1946
-3058
-2786
-4784
-4027
-1401
-2179
-1205
-1545
-1012
2518
-1012
2276
5099
1548
1490
3120
3248
-2076
-1696
-3460
-3665
-4544
-6264
-3767
-4805
-1419
-1113
503
-230
-2133
-1746
-337
854
-53
2189
1857
34
2345
3785
1421
1147
-3487
-8974
-6405
-3893
-6754
-9642
-10283
-7790
-2381
-937
-860
-737
-782
3636
5328
4450
3468
5158
7748
5987
5077
3391
1506
566
-1476
-2984
-4276
-4872
-5024
-6270
-4042
-1494
-2718
-3284
-2976
-3667
-1703
1898
3183
2575
4143
8279
6559
7649
6389
3393
5611
1736
552
-419
-2776
-2145
-3044
-3124
-1603
-1402
-1943
-1086
-83
-861
45
-357
-415
1047
-990
-725
806
786
2467
2089
3002
3198
2313
5380
2817
2152
3494
3214
3686
1946
1225
1113
1160
1262
-98
-649
416
24
-297
-1152
257
687
-153
8
273
-724
-2179
1270
1570
211
-1586
-1043
4622
2691
4070
5317
3190
4444
3020
1922
2637
2455
1674
1933
-2130
-749
358
-2701
-2479
-4316
-3006
-1847
-994
-2081
-2873
-2213
-3692
1846
5958
2002
514
3408
2639
1454
1345
-2254
-583
-649
-1984
-405
-3613
-1743
348
893
1392
745
-216
-529
-3483
-5191
-4800
-3653
-2575
-4685
-2314
-4616
-10446
-12064
-6829
-2348
-5942
-5750
-9078
-6597
-1622
-2606
-1426
-3063
1648
1644
341
3938
4279
4027
5629
5745
6033
5777
3548
4845
747
-1402
-2051
-3087
-4290
-4707
-3457
-872
-1320
-2867
-738
-3545
-7892
-1838
777
-973
3256
2148
955
1115
3694
5965
1716
281
56
659
1580
-1833
-367
-1024
-4053
-2805
-1807
-3618
-5782
-3716
-2874
-1679
-224
-1663
-999
-464
289
3242
1631
2732
3459
2116
3589
3045
2353
2919
3444
1280
1794
1332
1475
3106
2005
1712
2162
3168
2856
2874
2039
2372
3879
3369
2407
666
140
6
189
1941
-275
339
563
-1538
2076
2445
145
3198
5109
3087
2677
2515
2401
2255
1966
1001
1111
1348
685
-122
1228
376
565
-784
-4352
-1777
-2934
-3747
-3481
-2676
-2525
134
2293
453
2399
3301
2866
2799
1843
705
259
593
-253
632
-597
178
2080
488
1429
-171
-2328
-865
-1098
-1107
905
-356
252
-3105
-6212
-5383
-4434
-5260
-4581
-3020
-5239
-3375
-617
-1408
1353
3585
2940
3537
1949
4428
4283
4260
2765
-106
2582
-855
-796
-3992
-5592
-3252
-6859
-7932
-7932
-2241
-822
-2431
-3339
-6141
-4480
-3714
-3755
-3018
339
1987
5364
9079
10774
9265
6561
9184
4987
3472
3620
1165
3855
635
-896
-2326
-4438
-3168
-4588
-4183
-5302
-4255
-1456
-4628
-4653
-3080
-3067
-3261
-740
-678
-3863
-2281
-2289
819
5276
3416
1718
4254
3146
1300
796
322
356
-698
-1551
-2213
-2820
-1312
-1558
-2153
-1285
-2180
-375
-1014
259
1198
-903
1907
1467
-329
1413
838
-893
-1882
-1902
2265
-778
-941
976
-1293
1410
2869
2900
3343
3718
2028
5089
4030
1515
2610
553
-35
-541
-2254
-2658
-1995
-1364
121
1588
2324
854
2625
2959
1278
4852
5901
5617
5402
6308
4365
3857
5596
2191
525
1385
1907
-144
1212
-1321
-2775
-1254
-3077
725
-571
-167
-43
-4948
-4818
-2796
-390
-4410
-1563
-1103
-1089
2623
-3024
1849
998
-1694
953
2243
3796
543
2602
2712
-422
1401
1237
-1868
-3573
-2478
-1790
-1527
-2916
-5701
-4292
-5017
-4896
-6104
-5156
-3062
-4385
-2803
-3398
-3170
889
4233
4015
6286
8165
7438
6126
8182
5142
739
2336
720
-624
-786
-2935
-4588
-3333
-5094
-5620
-5867
-7379
-7943
-9179
-10007
-9021
-5318
-2811
-1714
-1520
-560
1940
3082
4698
3447
1428
1121
1034
3048
4012
2999
1535
2982
974
469
-112
-2579
-1521
-3848
-3622
-1559
-2228
-2922
-2203
-1846
-313
-162
-1065
-105
-847
-979
-492
-490
0
2022
3092
2671
4235
1735
-356
-1048
-3844
-4137
-1526
-1375
-937
4311
1109
347
1590
118
954
482
861
-2286
-1014
1071
-2546
-4201
-4159
-7486
-6003
-3857
-2795
-1005
-743
3529
2014
3640
6900
6415
5717
5613
9236
6399
5224
5646
2451
4192
2828
-213
-204
1995
1746
1879
3466
-3668
-3437
-1448
-811
-4856
-2606
-1787
-2223
2443
-128
4195
1217
3786
5128
4744
5206
3450
5375
4746
4438
1703
-287
-1131
-243
-1321
-964
-1656
-2709
-2024
-2594
-1379
-530
398
1750
515
-653
-1404
1524
7002
6109
3608
5447
7278
7252
5604
1448
2172
899
-2042
-2327
-1937
-2729
-3382
-4158
-4797
-2839
-3443
-2283
-4381
-2906
-1373
-5053
-3191
-3038
-4985
-4520
-2808
-2588
-202
-191
-634
1860
286
2140
4190
1614
4377
3510
909
2780
-2
2376
1126
-692
-806
-1544
-850
-3132
-7428
-5430
-5650
-10683
-6981
-5336
-4981
-1565
1108
2233
3019
1233
4269
6314
2744
4254
5103
8113
8060
4826
1752
649
420
80
129
-2567
-2270
-4904
-5154
-2170
-1617
-2428
-1085
-692
-1281
-620
-3463
-634
-3017
-3076
1787
2105
-1339
-1127
493
-2409
-1889
-2784
-68
2076
-796
-286
1012
-2051
696
3377
756
-1905
1202
1511
-1324
479
-923
217
1151
-577
-1919
-3531
-7855
-9823
-5780
-5709
-5374
-4987
-943
18
1683
2422
2576
6337
3784
5946
6194
3309
5693
4186
2432
3445
790
-1146
-4709
-6577
-3023
-5603
-5194
-3966
-2706
-413
-243
3440
1503
787
3632
3871
-496
-18
6049
5952
3722
5125
3651
-11
395
1564
-761
-1730
952
-1018
-2887
-1373
-898
-2342
-2188
-1514
-3068
-1119
300
-1635
-548
3123
1284
-243
241
2438
2826
1224
2750
1907
3734
2076
2291
2172
348
331
33
68
1277
515
-1797
1724
518
-1549
-725
-2158
-843
-541
-497
624
-1556
-2370
218
-580
493
2459
1138
1845
2716
3197
3068
4259
1878
3030
6383
2909
2580
2372
1057
903
2923
592
-4767
-795
-4777
-9161
-6944
-7764
-7148
-5055
-1927
206
-65
888
2833
5545
6145
4315
4066
4419
5083
3786
5168
4739
1935
1145
1204
2266
811
2000
735
-1035
1806
-1497
-1467
-1567
-1821
2619
1476
1055
-141
3257
-3368
-7323
-3108
-1593
-3585
-8273
-2740
-7423
-5856
-4271
-5375
-2468
-4097
-1667
154
1997
580
2305
2525
723
1926
1036
-2207
-1407
1210
-3719
-6241
-5217
-4868
-6133
-2965
-1453
-3112
-1080
-3573
-3787
-2544
-257
1941
1038
2833
4300
4705
2150
1417
711
-52
154
-1102
-1002
-2559
-2298
-3321
-4859
-5700
-3060
-2629
-3043
-1046
-2404
62
771
1121
547
439
132
575
1672
1242
609
250
1941
296
2859
362
-1130
400
-112
-563
471
1363
-1381
-195
-1400
653
-122
-695
740
-1277
-201
-1522
-1200
317
622
525
-173
1433
1632
1796
3224
2778
3056
3778
3781
2815
1960
3138
878
2104
3567
252
1448
2355
1133
879
1310
245
517
-1309
-1398
-1933
-3554
-4037
-4677
-3377
-1559
1547
730
1712
4649
4499
5989
6177
7623
7119
4485
7489
3121
961
4918
3758
2646
4533
4262
382
2224
-1897
-2342
2319
-1851
-736
-120
-1252
2173
6957
6324
7737
7136
918
4583
8548
5512
3288
1835
2129
3497
3124
3468
995
692
3541
2066
-197
-429
729
-1275
-2757
-1384
-3491
-6908
-7205
-7905
-9234
-10633
-8913
-5557
-4332
-1608
-2852
-5395
-4642
-2652
-3284
-3632
-753
-3723
-3288
-1060
-1908
278
-549
-1905
-633
-3638
-3274
-3230
-4836
-3410
-5437
-5251
-6266
-4896
-3995
-4961
-4205
-4408
-5793
-4528
-2621
-3253
-2424
-1480
-1341
-652
907
-505
-602
-164
935
213
-605
1175
2938
1376
-1297
61
-306
-3111
-1999
-1649
-1410
-495
-1788
-1261
398
-393
1167
1332
441
2509
867
291
1604
2866
2213
2101
1840
3405
3533
1391
3121
2013
702
12
2397
2156
831
1677
1319
3124
3050
1904
1991
2355
1657
2064
1683
2482
999
-3138
-1072
-856
-441
-25
981
2537
895
4596
6741
5208
5217
4595
4252
5078
2322
97
155
-246
-2179
774
1337
-300
1533
2352
3905
332
-1610
-502
-4005
-4387
-2059
-2159
-1914
-2003
109
-1589
-665
2896
4187
5756
3361
6577
4366
2968
4471
417
1036
-781
-1220
-2990
-2086
-311
-2876
-612
-1338
-2339
-3540
-2287
-1218
-642
3319
-995
-1498
-2522
-3908
-1088
-2813
-2784
2339
3069
-377
3215
4456
2797
2946
545
-2380
-1556
-942
-3957
-5056
-4766
-6482
-6875
-5572
-5514
-5294
-4531
-4650
-6041
-3710
1141
1108
-1005
705
178
-2288
-3900
-999
-310
-866
1385
446
506
-919
4
-600
991
1583
823
2829
568
1369
1158
-744
-299
361
-773
-196
2513
-124
-647
553
753
-183
1189
3238
456
3127
1671
2699
3561
2312
4212
2777
3191
4150
3281
2342
1335
2749
2496
1473
2407
566
-1130
-159
983
-1802
1577
-198
-1480
1548
-1015
2572
1504
2
-293
-1457
-2246
-2339
-1187
-4081
-2144
532
155
703
2205
2523
2798
3247
2765
490
-1351
-4243
-5527
-3055
-3419
-3475
-2713
-1366
1173
2924
4429
3603
3516
1523
-1669
-6151
-4717
-4257
-8563
-5072
-3513
252
7278
8976
8943
9640
8162
6952
8263
4910
1096
77
201
-1100
-2420
-5280
-6594
-4563
-6374
-6727
-5037
-5286
-1075
1729
-2639
-681
-126
-1902
-5311
-933
59
-1587
5515
1894
3083
2003
-1034
955
-4247
-5767
-5520
-7409
-5227
-3703
-3160
-3676
-4346
-788
-2025
-61
1349
32
3858
-108
704
1981
-2311
1217
119
-277
1927
-820
-181
2094
-442
24
492
-1065
200
-594
44
-13
-275
1929
1531
2373
2547
782
761
601
2418
4392
2458
266
-219
273
-43
-2217
-3551
-2160
-2323
-381
492
24
1686
1629
1737
3209
5300
3323
2656
3326
2569
1693
905
2540
1032
783
969
-107
-10
1072
579
-97
556
1440
437
1263
3015
3226
4545
1460
2635
1757
1919
1644
-767
1719
-257
-1150
2371
1660
667
3010
1819
1103
2714
2587
350
-711
-4039
-5399
-4548
-4715
-3314
-101
1242
-1122
-806
-357
-1374
-2274
-353
-1706
-2528
-2028
-3668
-2886
446
597
2347
4527
8111
7959
924
4831
1839
563
1335
266
-1282
-3212
-2768
-3247
-2579
-5019
-1682
-1394
-2082
-515
-2545
-5898
-4831
-2789
-3188
2761
2122
1241
3738
-408
427
1426
-937
-192
-664
-3302
-5045
-4696
-5362
-5991
-5180
-5757
-4593
-3668
-3670
-1909
-777
-2250
-1824
-6
-1027
724
913
134
-686
1767
2663
-68
234
-3387
-3651
-1272
-2026
-3463
-1874
-56
-2176
-284
1539
882
1120
3025
3681
2857
5929
5085
3285
4955
4726
3447
3648
2803
1263
-1375
-433
-1173
-3065
-1400
-1393
-666
-352
298
-228
311
-1682
-1952
-539
-264
2592
-67
1001
1547
2832
2106
-1945
-436
-4340
-6570
-4367
-5821
-4120
-3099
-4253
-1676
-2452
-2409
-753
1556
1217
840
1647
785
-769
773
1318
210
3077
502
291
2097
2602
4350
5837
4054
2425
4454
1046
1105
1470
-149
3079
4637
3710
3170
-72
464
4760
3215
4382
4957
5543
8464
8436
8288
11674
9845
9926
11519
5591
8967
9030
6626
5574
2966
1859
-1107
-44
-2923
-4063
-3175
-3826
-2892
-1650
-1462
-5131
-2209
-2271
-4782
-3593
-4898
-1639
-337
-1008
2031
4065
3858
3314
1753
1121
1705
-3075
-2893
-4169
-5926
-3895
-6444
-6236
-6297
-6073
-5360
-5177
-3577
-4135
-4791
-3596
-3783
-3970
-3650
-4856
-2815
-1233
-2603
-2706
-2931
-2168
-1633
-200
-1365
-3224
-3197
-4080
-3428
-3008
-1333
-1654
-3744
-3026
-4387
-3013
-1246
-2054
-2149
-3103
-1237
-460
-424
6
-1148
-2761
-2775
-2676
-2998
-2710
-3982
-2694
-1353
-1967
-3125
-3859
-1886
-132
-1538
1700
2736
1906
5886
3896
4286
7032
4345
3477
1503
-1466
-1364
-1789
-3266
-4267
-3407
-930
305
-1482
-334
104
1629
1818
254
1150
854
-175
1435
2000
-812
1298
1312
3967
5779
2538
3227
3139
-358
28
-1779
-3306
709
-2847
575
425
-4851
-4830
-7934
-7199
-3434
-7396
-6537
-1495
-2527
322
3656
6495
5807
5966
8100
13159
13737
9860
10958
9987
10083
8462
5384
5332
4422
2220
2176
497
-1474
1697
-1908
626
3954
-444
-2422
-2518
-1033
-5916
-2837
1809
2147
3634
4773
7428
5824
4568
5038
4454
670
249
386
-1199
-1200
-3685
-3195
-5454
-5501
-4994
-3967
-3346
-4150
-2729
-2047
-2448
-3203
-3345
-3690
-2483
-2519
-370
-2046
-2086
371
718
387
-130
1207
948
1563
1761
1638
1857
1295
1475
950
1004
-160
920
1591
197
-503
455
1193
-122
1090
-1147
-406
446
-385
188
-384
-306
547
2227
1576
1590
1861
903
254
1950
1490
239
-43
-1876
-1441
-733
-952
-1035
-1524
-1363
-2843
-2350
-4898
-3999
-1379
-2523
-2791
-4027
-3152
-3882
-2845
-2096
-4188
-3125
-3501
-1334
-655
942
3744
5831
6122
3677
6339
3732
2734
2960
1931
1778
-715
-11
-1575
-2245
2161
1008
-1728
-565
-3218
-6732
-9055
-4900
-6442
-7019
-1520
-3138
-361
-81
1904
4628
4792
8376
9740
9236
7968
8782
5771
1241
4563
3064
-680
-1262
363
-1951
-5556
-4295
-7474
-4566
-1802
-702
-3035
-4054
-486
-8115
-11393
-2798
-1667
-2460
2939
5496
4969
1929
3013
3658
2285
990
-1168
-1902
-2613
-3926
-3549
-5509
-6104
-3866
-5285
-4408
-2763
-4887
-3000
-1373
-3026
-2955
-2079
-1981
-3708
-1258
390
1839
1147
235
3919
993
321
1280
627
1423
452
1354
2833
3056
-1365
1022
2417
49
-375
915
2530
-95
1468
3171
2334
2606
1680
2329
3359
518
1735
999
981
1639
1051
1285
545
1162
2620
1686
597
1457
1242
448
-844
-134
-456
-567
-230
-2853
190
1203
660
2378
421
-639
-121
-125
-804
-637
-1996
-1680
-2210
-1612
1179
1307
1237
4365
6115
5214
6814
6932
4186
5034
5352
3316
-2430
-4446
-2038
-3814
-1397
1654
-282
-3997
1094
-384
-1314
-1295
-4833
-1246
1820
190
-4192
-1130
2403
-164
1573
5402
8182
3365
4207
12941
13845
13119
12808
11877
10585
10296
6331
7269
4407
-844
-1265
-3469
-1537
-1616
-4287
4352
5739
-311
3080
-1814
-7075
-5928
-7421
-6346
900
-135
-1077
1395
-2100
-1289
-4456
-3418
-4135
-6810
-6626
-9640
-10663
-11567
-12668
-11513
-12239
-11562
-6692
-7394
-7375
-7020
-6909
-5968
-7688
-5986
-8754
-7363
-4204
-5909
-2998
-3369
-1836
-2710
-1490
-755
-1311
-940
-1768
-611
-1045
663
-1056
-1329
-1294
-591
812
-124
1046
1031
2757
2171
2521
3103
2715
3993
3035
3025
3933
3908
2889
3189
4120
3035
5678
6555
2982
4366
4262
2679
3290
2462
14
46
-206
-816
-2610
-4306
-3122
-2415
-1928
-2014
-2238
-1349
-320
-1310
-1116
-116
