57
839
-225
-1189
-30
739
-565
234
287
-1219
358
901
-555
-529
603
300
26
21
-414
-14
576
245
-334
-309
184
352
-259
-656
-73
183
-393
152
44
-715
-126
273
-306
-236
-102
164
1
-624
-120
257
-98
-476
295
-255
-412
842
-317
-1165
827
460
-1066
551
54
-797
839
751
-1113
-810
1608
437
-1159
-16
738
738
-663
-300
576
179
347
13
416
255
436
238
-342
204
312
652
-688
260
1040
-374
417
165
106
95
-92
310
79
226
52
-30
559
926
-80
-481
693
364
-48
478
176
442
862
89
-141
416
1036
618
-626
-622
1111
927
-876
-433
244
87
615
376
-1099
-104
1067
-71
-924
-403
646
-16
-558
18
102
-134
156
-139
-977
-10
1054
-175
-1088
-11
633
50
-669
-41
232
-399
-420
141
220
-142
227
-104
-105
504
213
-79
79
462
552
388
432
634
223
144
1100
571
115
1001
973
361
1056
881
130
911
302
-147
779
1177
606
273
111
602
845
-42
186
671
388
538
787
-240
331
1116
-386
-750
795
1163
-658
-87
1024
-754
-344
632
-155
-416
13
465
-346
-269
372
380
-195
-369
430
-41
111
578
-103
180
463
420
-91
-220
259
-421
-240
145
-173
-104
518
-303
-332
558
-416
-660
-11
327
64
-439
-410
222
-627
-995
-388
-686
-827
-734
-580
-614
-649
-964
-928
-835
-1309
-1292
-1459
-1418
-915
-1300
-1505
-504
-472
-1244
-738
-1079
-1602
-1643
-1026
-602
-1271
-612
-48
-283
-1149
-1129
-170
-546
-599
187
761
520
58
935
625
-302
328
803
528
11
968
1190
496
288
-996
-2046
-1708
-1422
-1884
-2047
-1978
-2396
-2800
-3281
-4353
-4417
-3726
-3482
-3374
-3209
-2912
-1720
-1104
-1277
-1271
-335
1900
1773
1062
2657
4125
4053
2975
2575
3842
3626
2662
3417
3767
3051
2768
3465
2673
1865
1190
342
1289
855
-356
-243
1269
1522
-1364
-1645
178
-33
-1371
-1437
57
651
776
226
692
1746
1146
1464
1458
2171
3026
1947
2413
3003
1969
641
1088
1908
1149
594
527
1138
497
-892
-609
-800
-1781
-1965
-2111
-2796
-1971
-1814
-2511
-1945
-1672
-1797
-2125
-1425
-274
-431
-687
617
1619
1212
1496
2666
2984
2950
4027
3559
3230
4851
4805
4898
6104
6009
5951
5262
2166
-2077
-4125
-2843
-112
-928
-4219
-3619
-3301
-5942
-11240
-13118
-9303
-7302
-7869
-8693
-6497
-2937
-2704
-5033
-5764
-2294
504
384
1780
5697
7936
6722
6676
6036
4078
5039
6230
5395
4356
3540
3889
3627
678
-2043
-2696
-2710
-3967
-5488
-6099
-4796
-3795
-5012
-6443
-5799
-4758
-5187
-4932
-3185
-1145
-516
460
2149
2689
2169
2276
3406
4891
4533
3861
5689
5803
4401
3479
2718
2220
1258
1396
1426
660
179
-1069
-1178
-1341
-2666
-3984
-3983
-2181
-2187
-3100
-2932
-812
267
-2670
-3226
-60
889
-168
218
1428
2546
2110
796
778
1659
2302
1177
610
1767
1933
690
584
1543
947
-128
34
808
1002
1406
1683
2209
3043
3051
3067
3280
3603
3736
4684
5752
5237
5589
7450
6835
2328
-1227
-3053
-4006
-2381
-1869
-2584
-3594
-3741
-5893
-12518
-15623
-13221
-9410
-8950
-9605
-5983
-2992
-3655
-5488
-5648
-2791
851
3050
3706
6748
9719
9509
9082
8386
7531
7403
7226
6326
5555
5535
6177
4426
1277
-551
-2764
-4690
-5357
-5926
-6283
-5433
-4385
-5399
-6780
-6409
-6058
-5984
-5125
-2911
-966
44
960
1898
2459
2501
1880
2264
3843
4801
5049
4961
5666
5453
5086
3148
737
1369
918
-138
284
-457
-1687
-1713
-3059
-5246
-4759
-3697
-5947
-6437
-3375
-4201
-5360
-3059
-1661
-2227
-4089
-2192
362
-1399
-1239
1503
3037
1118
871
2667
1851
1152
489
1330
2521
2122
1266
785
1517
1328
-38
-323
1425
1898
560
1320
2410
2572
2410
2006
2828
3868
3953
3208
4155
5396
5140
5160
6220
6716
5894
5575
4599
1157
-1660
-702
482
-504
-1944
-1469
-1893
-5005
-8433
-11995
-11535
-7252
-5602
-7535
-7011
-2380
-3294
-7433
-6491
-3316
-1249
-1249
548
3294
4178
4852
5492
5832
5447
5375
5003
3833
4973
5832
3817
3968
5416
3174
-525
-1911
-1059
-759
-3028
-3240
-1828
-2427
-3399
-4860
-5438
-4247
-4830
-6033
-4468
-3289
-2971
-2415
-1567
-407
-161
-844
-419
1085
1356
1921
3189
3977
3774
3169
3514
3527
1939
1921
2830
2057
1224
735
492
222
-757
-1561
-1641
-2615
-2670
-2497
-3403
-2303
-706
-1966
-3420
-1182
-75
-2568
-2681
-121
1247
-615
-869
1448
1483
53
-1217
674
1355
-416
-343
-469
581
1141
-697
-1533
-285
592
-1044
-1305
-124
493
-355
-1007
616
42
-1008
-385
343
192
149
292
658
1299
228
242
243
-20
601
428
881
660
632
1664
1562
1068
1873
2493
1180
2200
3398
2005
1483
3867
1335
-835
3520
2351
-81
1395
2919
1051
-1273
-1189
-310
-1361
-1730
-979
-1529
-1436
-2778
-2752
-2229
-3003
-4952
-3400
-501
-2878
-3760
-518
453
-1324
-531
-711
-1285
715
-281
-2050
153
903
74
184
464
1167
605
-229
342
143
139
535
91
1681
2096
614
2041
2052
510
1177
1795
1189
116
451
1955
720
-632
480
176
-223
-758
-1475
180
-53
-1464
758
1830
-1322
-911
2653
-52
-321
1740
714
634
1477
555
68
1656
-163
-1830
321
863
-1597
-772
47
-68
87
-1184
-1371
-1275
-583
-1321
-2337
-586
594
-1391
-1417
285
-242
240
91
222
442
662
853
250
926
1257
229
-149
907
-149
-115
629
-339
-313
330
-896
-534
462
-575
-705
-1
907
-482
-900
1211
1025
-232
981
1357
-818
544
2486
-331
-1293
3210
1650
-2046
1531
2450
-510
-582
2065
-249
-117
1317
-924
505
2073
591
-1608
655
1282
-1048
-747
804
362
-885
960
906
-426
786
1207
-1202
98
2061
-662
-6
1699
632
361
1008
532
-104
728
1246
-666
-789
1097
-142
-1064
90
70
-900
-351
94
-751
-1141
-115
-541
-1627
-285
-271
-1019
-962
-1162
-1379
-1011
-554
-1204
-779
755
-1235
-2264
344
937
-2011
-2354
906
-1128
-1741
-1079
-1344
-722
-310
-1696
-2178
1052
-365
-1863
-161
637
-1036
-808
640
-70
-1200
-141
686
-1865
-1285
-304
-934
-302
-104
-1138
-1003
308
-605
-1051
283
455
-1170
-68
609
-1006
742
921
-842
29
923
-775
-689
761
-248
-728
69
-50
-1060
-841
186
-14
-638
-314
-84
-431
-274
-561
-615
1410
358
-2247
811
362
-2914
-297
1035
-1765
-1209
2060
-1108
-74
2514
-1036
-650
2501
615
-1137
1182
1376
844
69
767
138
-305
812
-55
-613
435
809
-1048
19
955
434
-371
269
1077
-616
551
1141
447
350
1769
999
46
968
928
679
-285
926
601
166
1450
679
-131
1486
1338
-16
1751
1438
534
943
993
1690
995
-209
964
1427
-395
243
791
-104
459
-1505
-1141
1136
-506
-2454
-810
59
-1780
-787
-491
-334
738
951
-607
635
1972
42
324
2317
1409
-2
1888
1557
777
1273
1343
376
87
844
-315
-692
959
67
-1165
820
438
-453
931
1132
248
210
841
-34
386
1785
338
-664
1809
1092
-1269
775
867
-614
-92
197
-724
338
579
-1329
-303
1422
263
-1326
-455
1637
374
-1398
603
1117
-492
-556
828
-162
-1457
275
-926
-2559
1244
923
-2451
-345
1858
-2002
-2057
344
-1585
-1444
101
-449
-1010
1000
345
-1155
107
532
-1542
-877
1094
-1303
-769
1180
-208
-852
-12
-30
-670
-1400
-376
-232
-1706
-23
-1242
-1667
515
-922
-1630
-149
-393
-1166
-261
-402
-94
918
90
-468
720
857
-1335
-1516
1194
718
-1734
-281
516
-349
-858
-2000
-1343
-100
-1449
-1095
162
50
-463
420
-827
-286
1687
-343
-875
1221
1589
-712
476
1501
440
-326
420
-343
-888
-145
-990
-671
594
-889
-1351
642
-125
-1392
-650
466
-1319
-1439
312
-387
-127
446
256
-800
-489
-329
-773
-353
-411
-788
-342
451
-1329
-568
1090
-765
-645
1615
778
-1389
797
2151
549
1021
1397
1226
2036
1113
-166
620
786
-856
-911
767
-126
-824
939
-949
-136
1620
-508
-1024
1861
1661
-1040
1812
1919
1507
1267
1666
1492
430
992
583
791
460
1173
-379
686
1045
-1315
205
558
-857
-1817
-432
-454
-1489
-355
-74
-818
1222
75
-1703
1986
211
-1645
1141
445
-369
331
-28
831
1032
-961
-556
1011
270
-136
-109
334
1710
-459
-2163
622
-40
-1798
-62
-170
-968
254
-525
-2054
1323
1340
-2583
-685
2054
-1165
-990
1346
450
215
1827
235
-662
1625
396
-558
615
911
-496
207
380
205
777
268
-276
-362
34
-413
-318
-85
847
235
-800
1079
736
-802
-220
1334
-507
-841
713
-538
-62
396
-313
-57
299
-590
-639
-213
-416
615
-280
-364
1152
-388
-1180
-467
220
35
-1277
-621
42
-137
-386
76
202
714
-471
-1232
1152
421
-1574
766
1134
-678
1436
664
-524
1096
960
-1912
-1028
850
-391
-659
1507
1602
1131
2699
1702
1421
2449
1757
638
1051
1464
1312
1397
2271
1693
94
156
-955
-1648
-1467
-1939
-1610
-2064
-459
1247
-790
118
-127
-2418
-1332
-2455
-2188
596
-11
-1359
195
-677
-3434
-1819
-601
325
532
-550
1451
253
-2494
208
-342
-1888
1442
-514
-2461
2054
1046
-3147
-467
503
-3245
-1193
812
-1056
-372
1210
-1704
-1671
694
-1203
-757
2080
867
-288
928
-357
-1414
-699
-636
-1848
-1366
-145
-1032
-1591
-160
-728
-1102
-201
-859
-269
570
119
775
1613
1483
1191
877
1317
272
-1617
372
351
-871
1164
857
368
-108
-706
-98
-1477
-2194
-1539
-674
251
-1050
-707
907
-313
-1615
-964
-615
-516
659
-132
1611
3180
232
65
1976
-16
12
1365
384
968
2544
1016
-118
1580
-98
-2004
-382
-432
-2095
768
2060
1472
3279
3483
2486
1944
776
1364
926
-255
633
310
1201
2301
492
4
1201
411
-2119
-1561
904
-918
-1369
1506
102
419
1568
-342
1140
1936
-1239
-92
3795
1686
910
4704
4947
4672
5059
3968
4032
3924
887
-2361
-1657
-337
-1004
-1357
-2588
-2165
-3616
-7957
-9695
-7877
-5960
-4894
-2220
-1105
-1095
-378
729
-991
-461
1701
2415
2989
3589
5026
4163
4483
4245
2022
-907
-1591
-1538
-3224
-2316
-2213
-3140
-3896
-4561
-6215
-5953
-4743
-6136
-4435
-1927
-2585
-2174
745
1149
1107
2878
1629
1295
3559
2082
2246
4092
2879
1934
641
348
536
-1713
-3211
-1013
155
-2184
-2437
-1293
-2072
-416
-658
-1735
698
1339
-785
149
2526
1311
1099
2747
1169
1559
4281
2272
857
3494
2177
-1554
735
2014
-12
810
704
-1855
-1556
-1124
-2210
-781
215
-313
940
1090
1088
1280
1759
3020
2875
3189
4748
4802
4789
5229
6270
7936
9024
10077
8505
8957
9428
-195
-11289
-14277
-12616
-9082
-8369
-10518
-7696
-5243
-13314
-20549
-19352
-13250
-3355
565
-451
5211
11923
13576
12307
9185
10104
10698
8293
8341
7764
7652
10287
6132
-1396
-5485
-11736
-14507
-10015
-10976
-12044
-7337
-6240
-6765
-4184
-2365
-1972
1800
2834
1660
5520
11269
11799
10565
11790
10438
5203
757
-3032
-4007
-1885
-4273
-8706
-8626
-8200
-11206
-12170
-10935
-10907
-8397
-5237
-4612
-2036
3210
5640
7236
8642
7892
7719
7081
7035
6788
5633
4637
2539
-1276
-3350
-4679
-7868
-8751
-9151
-11084
-9915
-7344
-6086
-3076
162
2056
3612
3571
3405
4776
5852
5892
4975
4150
3737
2867
2374
1836
-1
-441
-39
-1216
359
3439
3480
3217
4270
3869
2650
3307
4319
5531
7668
8959
9725
10600
11077
12822
15113
15142
12363
9425
8317
3760
-8710
-23198
-26940
-20366
-15393
-17256
-17638
-10689
-6096
-11609
-20386
-19109
-5758
6630
7778
7142
14872
22417
20777
13407
7810
6176
3672
-2597
-7083
-6380
-3331
-4287
-9489
-13123
-15131
-17350
-16731
-12860
-7573
-915
4211
7284
9856
12099
13631
13268
9466
5364
4383
4761
4045
2386
1055
-1501
-5522
-10382
-14860
-15848
-13172
-10106
-7242
-4103
-644
3336
5904
6113
7425
10058
9492
7599
8014
9244
9268
7388
3750
-43
-3249
-6818
-10106
-11021
-9296
-7512
-6014
-4110
-2496
-1806
-200
2865
4771
5817
7006
8279
8751
7630
5205
3196
1495
-1073
-4412
-7186
-7790
-7760
-8207
-7808
-6077
-4627
-3656
-1580
486
1475
2345
3411
4326
4084
3278
2815
2246
1367
-74
-890
61
744
53
383
1960
2226
1365
1759
2452
2928
4120
5011
5712
7135
9062
11738
15204
17837
16932
14492
13399
8028
-7909
-26044
-31938
-25398
-17625
-15135
-13008
-5151
443
-6245
-16129
-15955
-6161
5123
10635
12131
17566
23819
21892
14394
7456
1849
-4708
-13262
-19279
-18115
-13025
-8735
-6931
-7333
-8042
-8109
-7943
-7391
-4173
3467
11140
14516
15177
16045
16642
13979
6661
-1229
-5814
-8469
-11494
-12607
-9874
-6223
-5700
-7887
-9252
-8672
-6849
-4104
-62
5112
9965
13092
13885
12972
10832
7381
4072
632
-3393
-6608
-7642
-6326
-5255
-5492
-6099
-5371
-4850
-5282
-3247
1213
4148
6251
9074
10272
9892
9082
7267
4834
2967
973
-1451
-3004
-2984
-2811
-3098
-3532
-4103
-4227
-3943
-3563
-2246
-66
1430
2474
3487
3213
2315
1836
1034
3
-965
-488
756
1542
2051
2660
2771
1160
-130
-1127
-1618
-1764
-1443
-168
940
1146
782
725
908
1446
3414
5660
7574
9872
12429
15397
17757
17337
13862
11671
10744
2278
-16950
-32177
-32247
-29882
-26520
-23193
-13990
-1756
3836
-951
-5365
-1523
5065
10142
13717
17208
21284
21641
16026
10010
3909
-5625
-15281
-22577
-27777
-26997
-19363
-11534
-6555
-3291
248
4078
7057
7446
7862
12727
17296
16423
13807
14050
14908
8408
-1723
-8464
-12590
-17006
-21206
-19736
-12395
-4094
-170
1419
4571
7437
8535
7004
7358
9604
8872
7381
7417
6691
3543
-770
-5475
-9845
-13253
-15038
-13387
-9448
-4933
-202
4889
8593
8961
8060
8224
8604
7217
5389
4860
4765
3679
841
-1792
-3027
-5005
-7628
-8016
-5915
-3452
-417
2875
4973
6431
7014
6233
4839
3027
1453
-86
-3334
-6128
-6461
-5733
-4941
-2701
111
975
1791
2572
2376
1920
2151
2233
1505
378
-1761
-2808
-2433
-3685
-4825
-3080
-762
-130
430
3261
5962
6878
7616
8279
8476
7977
8130
11832
15795
14687
12842
13570
12256
130
-24472
-31424
-31759
-32231
-32003
-26657
-9442
10059
14858
6208
3661
8276
6302
3035
4932
10304
14303
13431
9680
6294
946
-10199
-22663
-31675
-31963
-29112
-20512
-8955
3091
10177
13715
17809
18477
13199
9086
7844
7133
5037
3702
5615
7254
2531
-6984
-12942
-16454
-21213
-23997
-20078
-8692
2105
7100
12000
18195
18413
13632
8587
4497
1653
-3011
-6840
-4943
-2089
-2722
-4427
-5843
-8568
-10203
-10480
-8499
-2468
3024
7532
13518
17777
15845
12900
11346
5955
-971
-4379
-5879
-7194
-6918
-5751
-4446
-3155
-3008
-3147
-2583
-1202
1074
3077
5109
6975
7236
6032
4788
2232
-1479
-4063
-6656
-8398
-7068
-4784
-3333
-1085
1464
2872
4034
5199
4693
3862
3847
2960
1459
491
-497
-1262
-1775
-1294
583
1349
1367
2406
4200
5035
5556
6166
6272
5857
5916
7300
7843
8319
9552
11746
14747
14918
12879
12223
12391
-184
-23760
-29379
-29221
-28482
-25430
-16437
-2496
9669
12525
6409
4911
8159
5602
-524
1213
7916
10950
8569
5955
6896
837
-12039
-20888
-25836
-27353
-24459
-17112
-6513
3185
9222
12717
16926
17935
13089
6805
4812
3056
-1079
-1287
2123
2923
-1512
-6637
-9112
-11424
-15139
-16504
-12883
-4353
3057
7157
12556
17729
17584
12560
8270
4255
-844
-6477
-9990
-8254
-5599
-6750
-7634
-5648
-5835
-7583
-6464
-3661
-1467
792
5513
10208
12155
12772
11515
8805
3606
-1686
-4968
-7651
-8774
-8748
-7008
-4743
-2125
-323
-202
2128
2783
1735
2701
3975
4141
3056
3390
3116
851
-1556
-3449
-5320
-6748
-6087
-4490
-2548
-85
2076
3623
5033
5014
3205
2059
1182
4
-55
-599
36
958
342
1502
3910
3972
2177
2655
4278
4332
3147
4503
5934
3957
3838
6362
7553
6594
7265
10775
12669
11755
10686
10178
11440
3737
-18605
-26895
-26731
-24875
-25423
-19634
-7101
3638
7222
4587
5511
8504
3920
-360
795
4498
8178
7068
4551
5047
2096
-8619
-17183
-20282
-23387
-22977
-17814
-8332
1326
5321
9462
15756
16985
11511
7354
5018
1008
-1806
-2455
76
1855
-1805
-5954
-7565
-9514
-11723
-13842
-12438
-6176
-1438
2075
8476
14173
14330
11538
8835
5601
1320
-4457
-7310
-6233
-5788
-5969
-4763
-2365
-1740
-2272
-2098
-215
2455
2933
5020
10472
13302
11599
10829
10241
5430
-605
-3666
-4904
-7912
-9286
-7395
-5581
-3152
-1076
904
2291
2801
3828
3269
2905
4462
5192
3875
2862
1513
-1069
-3192
-5762
-6230
-4105
-4822
-4478
-663
1789
3159
2624
2067
3089
1547
4
256
-844
-1173
-359
-1641
-2907
-1627
-372
-262
-196
1365
3227
2703
2472
3207
2990
2700
3694
4366
4219
5594
6845
7460
10132
11139
7845
6943
10180
9730
-5478
-23223
-24235
-24455
-22100
-18857
-11931
-1584
8248
6655
2684
9134
8450
1204
1380
5164
7514
8821
7607
7101
7125
1474
-9414
-16534
-17921
-19832
-19132
-12489
-4216
574
4949
10519
13815
13430
10155
6891
3561
2982
2251
1609
4965
4116
-1847
-4375
-6639
-11419
-14156
-15111
-12339
-6923
-2442
2359
7621
10422
11245
8708
5228
5021
1725
-3465
-3155
-905
-1792
-2663
-3566
-4152
-2770
-5159
-7206
-4758
-1607
1367
2116
6263
11438
10596
7752
4149
3877
3037
-2920
-5086
-1723
-2280
-4664
-1290
-617
-2032
211
-496
-1444
1570
2303
694
2543
5783
2473
1341
3443
646
-2395
-1949
-1516
-3488
-1971
-968
-1114
725
1123
-170
338
2436
1722
-271
1086
2730
407
-925
89
1553
813
-894
118
1753
3264
2060
2132
6035
5908
3955
5324
6639
7138
7629
7129
8082
8797
7110
6525
10303
7891
-9091
-24015
-23184
-21057
-23753
-21828
-10629
-2019
2228
3867
3478
3905
1471
-1036
-154
3249
8438
9360
7649
11174
9716
-2340
-9270
-11709
-18444
-19744
-15831
-10799
-4006
655
4614
8610
11029
9004
5435
5435
5981
3784
5661
10897
9914
6063
2883
-1929
-7585
-12535
-16505
-16573
-12153
-9857
-6935
1871
6511
3396
4702
7896
3551
406
1494
2074
3529
3602
1906
0
-951
-2270
-8302
-11851
-8530
-7616
-9648
-5249
2052
4421
4508
6064
6627
5645
4475
2476
1905
1889
1278
-614
-1377
-518
-2890
-6692
-6985
-5663
-7230
-5785
-847
528
-97
3070
4366
1722
3740
4564
2728
3688
4535
2132
591
1897
451
-3386
-2565
136
-2730
-2532
2196
2558
-224
252
3383
3060
1961
2642
3966
4373
3376
2482
3364
6010
5595
3508
5902
8414
6686
5696
5817
8538
9462
6949
8680
11618
4487
-10565
-18059
-20363
-20358
-18395
-14617
-6848
-911
2530
755
-1002
880
-971
-2088
4103
10685
10037
11529
15986
12685
5980
573
-5343
-11163
-12312
-12927
-11580
-6191
-6271
-6896
-2149
77
-3535
-1736
742
833
3600
7406
10226
10691
11569
8054
4156
1714
-1810
-7398
-10703
-7492
-7382
-8998
-5878
-1514
-3909
-4492
-763
-1416
10
3163
4435
7235
10309
8832
5654
5208
4109
179
-3344
-2432
-1822
-4796
-3885
-2473
-2912
-2706
-3391
-3048
-1789
833
1678
2635
4753
4309
4227
3814
2263
1493
1248
-180
-1502
-979
-2543
-3700
-1666
-3760
-7481
-4951
-3147
-5826
-2868
715
-649
-347
1323
-78
533
2337
489
917
3550
3354
103
912
2556
-690
-2030
277
714
1261
1585
114
941
2809
1943
-266
2705
5543
4256
4274
5147
5222
4397
4688
4847
7122
8780
5118
-734
-6924
-10851
-15937
-16895
-11257
-8625
-6620
-2186
-2026
-6296
-5893
-4460
-4732
-992
3141
6909
9294
8836
8935
5579
158
-2557
-4756
-6376
-4577
-2966
-4779
-4819
-3853
-6850
-7063
-4149
-4782
-4565
-111
2102
2535
5859
7150
6740
5229
4637
3842
1625
1272
1602
579
-762
-1152
-3973
-3677
-3254
-6728
-5806
-3813
-4405
-3054
-52
1709
1695
3353
4021
475
3221
5674
3114
5276
6276
3896
3826
3631
803
633
291
-1846
-1744
-2272
-1670
-1227
-2109
-2535
-2893
-1470
-631
-845
407
2855
2406
1463
3647
3762
2554
2571
3951
3826
1373
2607
2749
-1192
203
429
-2643
-181
2271
-963
-906
2433
1378
-1180
-1124
2083
1385
406
3309
3818
3696
3067
1075
2051
2398
1322
1572
2787
4505
3687
3163
3877
2419
1343
2986
3649
4068
6671
3990
-195
-1246
-5785
-10264
-10584
-8862
-8736
-8473
-5766
-6048
-8721
-8986
-7823
-7686
-5685
-1182
1782
3808
4855
5354
3186
719
2138
1032
68
2288
2069
1402
976
-1791
-2825
-2203
-5160
-3908
-954
-3003
-1438
945
-591
-1118
1378
354
-1001
2313
2896
1409
2578
3724
2412
1238
2223
1554
919
1154
543
1013
607
131
-888
-1808
-824
-1828
-2014
-1212
-1370
-592
-381
-1292
-1271
174
203
-695
307
2160
876
62
2003
759
-566
1032
910
201
266
462
361
-742
-1080
-464
-1415
-1814
414
-1216
-2202
1012
-1121
-1793
934
-347
-1061
1349
1092
150
2527
1555
21
2773
3146
178
1433
3407
2058
1142
2071
1556
1052
1403
-497
623
2519
1514
731
1335
3047
2337
1271
2421
2496
2854
3371
3330
3721
3615
2372
28
-2155
-3426
-5404
-6978
-7241
-8809
-8430
-8763
-10796
-9612
-9667
-10067
-8601
-5905
-3626
-2778
-675
1549
2160
1909
3805
4219
3324
5273
3680
2043
2258
202
-1034
-1447
-2444
-3788
-2378
-3181
-4708
-3855
-3746
-4458
-3892
-1289
-2050
-1128
1046
1757
2364
3167
3459
2915
4743
4307
4004
4760
5317
4819
1987
3076
2666
800
575
-884
-1244
-597
-1258
-2623
-1681
-886
-1823
-1845
-1451
-1217
-201
-561
-502
2127
1909
1205
3861
3056
1484
3962
2934
1081
3178
2916
2093
2674
1866
2569
2434
1952
3052
1900
1740
3508
3137
1885
3854
4058
1231
3089
4436
779
985
3879
1995
1375
2241
1656
1899
2974
1418
583
3383
2340
1089
2139
2955
2604
913
905
2520
1861
475
196
-419
852
304
-1332
-1155
66
-705
-3635
-2350
-1553
-3523
-3434
-2615
-3468
-4183
-4731
-5020
-4125
-4382
-4286
-2428
-2764
-3489
-2639
-2764
-2990
-3225
-3068
-2613
-3116
-3111
-2870
-3622
-3836
-3550
-4662
-5084
-3105
-2699
-3590
-2572
-1455
-1831
-323
903
-1242
464
3055
-170
759
3891
1690
-287
1238
1655
-599
-939
-1200
-1176
-929
-2471
-3315
-1925
-1390
-3503
-3469
-1122
-1679
-2602
-2305
-1368
-207
-89
-197
-60
1042
1039
381
1384
2134
2267
1667
1213
2256
1935
731
1589
1514
683
1668
1420
1777
2243
1440
2357
3067
2615
2532
3496
3903
3094
3459
3670
3486
3330
2162
1857
2355
1606
0
1113
1765
111
210
896
620
434
175
-890
711
1968
-116
-885
2612
2732
-1112
-282
1637
1640
-87
-454
-220
-268
195
-2184
-2423
-259
-428
-3547
-3630
-1250
-3180
-4799
-4337
-3593
-3678
-3784
-4362
-4522
-3743
-4880
-5183
-3818
-3082
-3261
-2451
-1556
-1683
-1820
-1532
-721
111
200
532
1616
1797
1867
2198
2274
2924
2559
2979
4389
3392
3472
3756
2333
2673
3686
2468
1926
3668
2211
430
1589
1410
31
328
654
322
1690
933
-1231
184
1823
-1184
-1435
1148
1085
413
-948
305
164
-946
-223
-435
148
860
714
-600
-117
1160
603
663
1938
2023
1237
1930
1978
602
562
1148
1578
1386
688
1150
602
-179
-274
-1029
-1166
-424
-572
-1502
-795
-867
-1852
-1898
-2455
-2085
-1258
-1113
-536
-850
-1768
-875
-823
-1542
-404
702
1009
-419
306
2747
1050
-895
780
2094
-58
277
1692
955
332
24
-811
-595
543
-781
-1683
-771
216
-1183
-1813
-515
-506
-1037
-735
-342
-723
288
-159
-612
428
503
-151
11
1339
735
449
1418
1386
369
1373
1944
567
1623
2875
1671
1426
2356
1215
439
1123
971
57
533
439
-1571
-1568
-786
-2531
-2972
-2411
-3735
-4101
-3496
-3803
-4890
-4851
-3440
-4102
-4529
-1896
-1481
-2799
-2625
-2118
-911
21
-510
-714
1713
817
-1336
1061
1131
-520
-631
1809
2119
774
1394
1102
490
1192
655
51
2417
3006
1270
955
2457
2082
1170
1630
2360
2407
1991
1368
699
570
-571
-852
396
676
-361
-539
352
-998
-2550
-849
227
-313
273
474
605
1049
525
-710
75
1818
516
397
2946
3154
431
-880
416
519
-557
-588
465
1671
757
-1369
-1777
-489
-1340
-4226
-2376
499
-482
-2024
-2581
-1653
-1843
-3426
-3401
-1356
220
-1226
-1675
45
186
-1121
-1647
108
1296
925
1009
1799
1583
232
216
726
1067
1169
1419
1647
2119
1944
497
513
1174
746
-170
811
2168
1642
649
222
368
685
170
-354
1383
2267
838
310
1394
1808
946
933
925
1323
2284
906
507
2027
1775
230
-601
1060
1352
-775
-1400
-301
1014
-972
-2450
-1597
-1279
-1612
-3365
-2601
-657
-1287
-2080
-2168
-1653
-808
-859
-1792
-852
1163
444
-345
455
1105
322
-768
468
1574
1199
888
1414
1723
841
19
441
1529
855
-66
1143
2097
1454
386
61
258
42
-51
-395
208
1321
103
-696
-132
-86
-927
-1571
-260
553
-580
-221
1115
848
-572
-745
765
1609
762
-160
1351
2528
451
-666
212
885
1061
-638
-1040
312
725
-876
-3143
-2670
-2557
-4805
-6049
-5541
-4735
-4729
-5340
-5613
-5315
-4568
-5140
-4251
-1990
-785
452
1436
2019
1572
1327
1572
2451
3165
3678
4240
3514
3040
2052
-95
-785
-443
-502
194
536
-23
79
-678
-2170
-1829
-893
-109
1176
1353
1086
1637
865
-143
-190
445
1210
774
1187
1787
483
-1415
-1108
81
-562
-1001
-98
895
-197
-2250
-2014
-1017
-399
-1332
-1885
109
965
-173
-1467
-1012
486
888
-222
30
2817
3234
1377
1325
2415
2859
2163
1663
2445
2856
2608
2908
3224
2932
2615
1938
1967
2720
2445
3144
4427
4536
4163
3320
2985
2788
2278
2279
3261
4418
3673
2041
485
-2259
-4819
-6268
-6853
-6630
-5964
-5506
-6239
-7872
-8891
-9114
-9257
-7716
-4961
-2798
-1009
64
-52
118
243
362
1771
3047
3882
4502
4302
2650
962
39
-1022
-1492
-988
-730
-1140
-1345
-2654
-3638
-3659
-3863
-3039
-1931
-1025
-145
321
243
341
446
1181
2388
2842
3169
3670
3875
3159
2118
1880
1937
1569
1628
2056
1710
884
21
-747
-1255
-1148
-1115
-1005
20
151
-619
-609
-592
-918
-1063
-437
548
898
866
586
363
105
-210
-257
419
750
288
-2
397
524
-150
-116
317
242
129
523
773
1162
2110
2239
2785
4306
4040
3257
4420
5402
5563
6493
7653
7759
6907
6401
5116
3936
4186
4183
4532
4931
3610
313
-3519
-7932
-11592
-12704
-11721
-9626
-8161
-8235
-10054
-11705
-12789
-13574
-11487
-6418
-2349
733
3886
4961
3375
1881
1792
2518
4760
7243
8645
8575
6481
2790
-476
-2212
-2954
-3278
-2408
-905
-1051
-2773
-4526
-5411
-5923
-5092
-3384
-767
2194
2736
2149
2175
2128
1812
2161
3358
4480
4468
3736
2498
1459
279
-1237
-1563
-753
-233
-752
-983
-1055
-1723
-2451
-2559
-1746
-20
1619
1995
2072
2129
1661
472
23
1030
1573
1533
1041
470
-1071
-3442
-5117
-5464
-4725
-4673
-4167
-2961
-2906
-3617
-3867
-3457
-2080
-963
581
2524
3437
3600
3374
3245
3986
4819
4721
5673
5948
5481
5200
4762
5826
6350
6435
7333
7394
6911
5840
4463
4819
5256
5271
6244
5414
2308
-3019
-9818
-13424
-13081
-11324
-9654
-8086
-8850
-12347
-15773
-18026
-17154
-13621
-8676
-2849
1726
4779
5116
2719
780
1025
3060
6755
10858
12532
11709
7832
2730
-1185
-4026
-5081
-3976
-2394
-2017
-2944
-4735
-6900
-9463
-10256
-8446
-4418
-333
2471
4245
4566
3748
3160
3824
5014
6885
8505
9114
8611
6781
4235
1628
-325
-1484
-2255
-2428
-2028
-3326
-5284
-6490
-7337
-7024
-5908
-4154
-1870
-131
1124
2151
2298
3018
3726
3864
5228
6630
6827
6958
6026
3996
1998
198
-1129
-2297
-3063
-4132
-5470
-6681
-8077
-8557
-8005
-7322
-6337
-4539
-2736
-1846
-1294
-534
761
2500
3553
5179
7259
7894
7196
6322
7041
7209
6720
7390
8106
8142
7903
6999
6283
6013
4667
4393
5550
6619
6326
5633
5546
698
-9159
-14881
-13068
-8527
-6755
-8302
-8424
-8308
-12317
-18463
-18965
-12276
-6780
-4901
-1764
5295
9180
5126
543
2291
6606
8401
10414
14623
17083
13315
6648
2764
1247
-1677
-4010
-2667
-323
-854
-5006
-8177
-9674
-12075
-14191
-12138
-5809
-782
87
-419
377
901
468
798
3825
7907
10470
11143
11225
10102
6104
2740
1383
1325
1634
1952
2008
416
-3319
-7841
-9562
-8459
-7905
-7308
-4521
-2005
-1034
-1411
-2257
-1940
-514
1316
3643
6477
8218
8272
6629
5044
3724
2428
1993
1770
1751
1000
-1163
-3131
-4806
-8082
-10408
-10462
-8916
-7191
-6340
-5864
-5928
-5713
-5312
-4692
-2454
595
2931
4832
5741
5921
5694
5568
5930
6403
8203
9832
9900
9287
8246
6071
5512
5787
4881
5672
6422
6357
5173
4351
3939
-2091
-10344
-13613
-11364
-7475
-6704
-9088
-10449
-10331
-14360
-20871
-19287
-10936
-7160
-7823
-4425
3098
5166
513
-2223
955
6165
8736
10151
14196
17587
13700
5606
2783
4569
2960
-1032
85
3724
1655
-4854
-8861
-8634
-10566
-14710
-13503
-6351
-2202
-4532
-6386
-4499
-2549
-3552
-3075
2400
8219
9274
8325
9592
10478
7795
3803
3507
6185
5954
3616
3843
3500
-915
-6221
-8075
-6350
-6235
-7502
-6268
-3567
-2031
-3234
-4512
-2635
135
613
1977
6228
8990
8308
7271
7853
7075
5463
5136
5338
5891
4633
346
-2489
-2855
-5234
-7856
-7274
-5618
-5490
-6416
-7041
-6554
-5596
-5444
-4563
-1561
1866
2912
2568
3744
4614
4192
4460
6617
8672
8726
9195
9659
8931
8711
8351
7996
9691
9372
7808
9358
8972
6542
5254
6034
5995
-1078
-7724
-9307
-7142
-4922
-7821
-10491
-10387
-10411
-16310
-21079
-15982
-9893
-9822
-11205
-5957
1014
654
-3266
-3095
2048
6453
7200
9579
16350
17553
10956
8129
10207
9668
5905
4281
7371
8123
1702
-4142
-4572
-5465
-10952
-15349
-12971
-8385
-9590
-13810
-13140
-9230
-9593
-12440
-9980
-3714
406
301
2056
6691
7462
4906
4071
7732
10462
8384
7662
9628
7915
3354
-346
-1440
-1322
-4149
-6980
-6612
-5962
-8317
-11343
-11150
-9727
-9721
-9244
-6593
-3149
-1327
-1026
-112
2806
3108
2542
7628
10117
8335
8848
10856
6788
3795
2968
-1604
-1544
375
-3899
-7581
-4344
-6947
-13043
-12876
-9764
-10215
-10681
-5881
-4044
-3392
-1497
-43
342
3453
8202
7671
10255
15247
12920
10061
11784
12857
11167
11516
12472
10901
9945
8030
5604
4138
3431
4341
2465
-3897
-8351
-7321
-4992
-6791
-9514
-8604
-7242
-10413
-16302
-17349
-13449
-10444
-10278
-11184
-6633
-344
-2358
-7515
-4150
3553
4561
4974
11273
16874
15471
10920
9262
13552
15492
9204
7365
15691
13512
3577
3247
2147
-748
-4892
-8056
-7138
-3136
-3923
-11224
-12719
-8553
-9644
-15326
-12748
-5074
-3904
-6694
-4973
-1491
-1624
-3221
-907
2979
5862
7075
6630
8808
9588
7332
6178
8343
9764
7432
6707
7478
6572
1970
-1901
-3123
-3737
-5379
-7054
-5449
-5795
-9799
-11792
-10228
-9657
-8542
-6509
-4616
-1742
-805
-963
352
3379
5879
5681
6974
9410
6656
4176
4847
3522
2504
3846
1035
566
1384
-3497
-7911
-6057
-6373
-8665
-3393
-1714
-1050
584
1745
96
242
4447
7205
10715
13977
16058
13391
11486
10589
11135
11605
11400
12003
10593
9965
2498
-6055
-5141
-2723
-4396
-7303
-7466
-7222
-9570
-13467
-16398
-15396
-11871
-10761
-13301
-8818
-2613
-5599
-7805
-6549
-4803
-1408
567
3441
6957
6967
6287
5244
3448
3167
4539
6686
9085
8676
6689
5899
5380
2462
-657
46
1793
1223
996
-544
-4958
-6627
-5391
-9382
-9461
-5347
-6746
-9294
-7069
-5392
-10687
-9470
-5724
-3934
-2348
-658
1359
1489
267
-799
924
2901
3883
3155
5058
6151
4921
2597
2944
2673
738
3221
2094
3066
5795
4718
2312
2373
1101
-2336
-867
434
-287
-461
995
-1219
-4661
-7468
-9302
-7711
-7212
-6195
-4183
-3338
-3219
-5233
-6111
-3019
-2589
-2674
1084
4983
5721
6570
6053
3874
4032
451
496
5489
6413
3365
3795
4767
1036
-601
-292
1280
4098
4364
575
3443
7378
5420
5285
9760
11355
6220
3085
2729
4156
4094
1217
-264
1011
-510
-6674
-10301
-9217
-8137
-10296
-12942
-11973
-7057
-6609
-9879
-10387
-6907
-4221
-5373
-1402
2858
1521
2075
4846
3762
1930
3046
4744
4986
2812
1988
3820
6532
5333
-1049
-1741
3617
3141
-916
52
3147
1927
732
308
-1364
501
-470
-2194
1717
2163
-1906
-925
1720
-2580
-5416
-5919
-5781
-4172
-2194
-1814
-202
2563
265
-2831
-3706
-2736
-2330
-146
3070
5744
7727
7343
5099
3547
1513
-2318
-1498
1745
2191
2341
4889
6448
3096
-6
-507
-226
-1829
-1479
1255
2498
3768
3177
1294
-693
-1790
-3883
-6730
-6010
-4840
-3711
-3369
-4093
-3569
-5288
-7681
-8187
-6720
-4092
-2110
466
3470
5436
4330
3009
4568
4574
3794
6107
9103
9799
7928
4264
2180
3100
3675
1341
3913
7698
4455
1238
1175
490
-1207
475
1886
2990
4083
1422
-1248
-386
-1037
-6893
-6757
-247
-401
-5851
-5219
-2367
-5569
-10734
-10660
-7775
-6220
-3908
-3433
-2130
504
-3256
-7519
-2614
458
-1062
2315
6227
4500
-239
-1633
675
1949
2709
3833
4934
4616
-1334
-6170
-3503
335
939
3084
6908
6662
1452
-2331
-1298
-781
1005
3177
3219
4721
3921
-1432
-3668
-3504
-6462
-5593
-1374
-80
1228
3804
1619
-2179
-5463
-9093
-8379
-3751
-841
267
5630
8830
4698
787
-279
-2300
-4425
-3387
959
5560
8233
9275
6431
3220
2176
-2658
-5751
-2117
783
-17
136
2245
1840
-810
-2820
-5419
-6486
-5554
-6853
-8161
-5515
-2775
-4696
-4112
-1163
-731
444
489
-936
87
1872
1266
2216
8123
11246
8847
7692
6452
1494
-1772
-1496
-616
2520
5722
4525
3958
6256
2995
-3066
-1198
3746
4125
6543
10536
12054
10296
4572
1584
1660
1062
-177
577
1771
-2254
-9716
-11069
-8919
-10809
-11363
-8394
-7411
-8533
-8093
-7179
-3699
-679
282
913
2933
4619
1007
1971
6040
4393
2628
3616
5312
4954
973
-1010
-515
-3226
-6565
-5562
-1960
406
-90
-1182
-460
66
-1238
-4325
-2477
2516
1590
-487
3020
6238
6172
5773
3575
1336
311
-895
-791
251
1067
2050
61
-5270
-7360
-6816
-7668
-7436
-4989
-1389
1679
3061
2123
1579
1782
232
-2638
-3079
684
3785
3967
4710
6918
5458
2858
9
-4162
-5005
-5040
-5812
-5551
-2733
-572
-2887
-5591
-5573
-6508
-6869
-6169
-6277
-4608
-1177
345
-1204
1219
4082
3573
2182
636
-72
760
1395
265
2465
7099
5861
3394
6112
5922
2812
2050
1320
-349
2010
3250
1584
3454
5323
3997
2187
1305
-1507
-1248
1650
1126
1187
4613
6288
4020
1864
1114
334
-1757
-2556
-1752
-2155
-2091
-2392
-4576
-5618
-5091
-6694
-8164
-7343
-6227
-5722
-5111
-2922
-873
1269
2215
3303
4080
4109
6213
9062
8037
3858
2430
1108
201
-960
-3258
-2224
643
-843
-4406
-5260
-5839
-6577
-6431
-6108
-4524
-2954
-1583
2503
4238
2578
3650
3762
430
-1176
101
2017
4043
4553
2834
2672
4073
3257
2448
5209
6853
3838
1143
1431
2938
4180
2377
251
2485
1265
-5459
-8819
-6300
-3905
-3805
-2765
-925
121
-1500
-3712
-4850
-4075
-2317
-2324
-1644
3215
6804
4698
2228
2093
-246
-3983
-6943
-8740
-5553
-3298
-4709
-4323
-2301
-2441
-5119
-5991
-1258
2349
1685
4271
7385
7180
5882
5413
7408
9439
8264
6444
4483
1171
-2374
-5208
-4773
-576
2058
2057
5122
5501
427
-2664
-2243
-1407
-283
1886
3579
5335
5510
1436
-2208
-2087
-3617
-6003
-4419
-1257
-848
-1655
-241
1221
-446
-1520
828
2659
3819
4395
3633
4271
3879
1278
1078
2631
3496
2010
-539
-382
-2074
-5944
-5394
-1162
2327
2628
-580
-1754
-1009
-3721
-6931
-5412
-2398
-1949
-2645
-3387
-2066
-1277
-2613
-1848
601
1360
415
797
1995
2734
2927
2607
2242
3683
4547
4018
4119
2051
-444
-1924
-3333
-5125
-3866
-721
585
1686
2088
2144
3358
4445
3418
2408
3190
2541
-335
-1227
712
1707
-651
-2919
-3623
-6955
-8859
-8821
-8652
-6481
-4618
-3147
-1461
130
-389
-1043
304
927
-12
-1186
-760
903
566
-2878
-4578
-2799
-2444
-4292
-5033
-4553
-4180
-3061
-2414
-1233
2093
5148
5445
5183
7186
6104
3631
5029
5806
5148
6208
5467
3414
2808
-1293
-6016
-6552
-7501
-9080
-7491
-4007
-1317
-16
241
2438
3618
1899
531
1087
2805
1995
357
1608
4033
3231
2741
3041
1250
-2126
-5785
-5133
-977
1881
2923
5639
7716
6318
2650
870
3193
5232
3904
2426
3158
2343
-1164
-5370
-6305
-4341
-4540
-6258
-5761
-4074
-3230
-2648
-88
1897
-4
-1619
-655
1039
980
608
1797
3316
2315
-237
-1015
235
2298
1147
-476
638
1542
-822
-1304
2094
3905
3085
1336
-668
-2794
-3634
-4097
-3461
-1422
-191
-1865
-2186
-1394
-1556
-251
1647
4755
6314
5955
6187
5293
3843
4111
3780
3869
5061
3320
444
-2242
-6004
-9911
-11967
-12007
-10989
-9689
-7040
-3628
-1323
-301
-263
707
2255
2882
2972
5141
7008
6229
5526
3997
1738
-195
-1980
-3064
-2924
-2564
-4325
-6214
-5718
-4673
-4061
-1741
452
2083
3572
4450
6190
5787
4702
5578
6991
6673
4912
2737
1716
1388
-3988
-9405
-8838
-7328
-6666
-4863
-1801
992
1255
-1520
-3044
-1937
-559
1440
3155
4218
4122
1881
1328
3103
3138
2972
4371
5107
3752
1378
385
2656
3470
852
1705
4571
4306
1836
59
101
-580
-3305
-5707
-5758
-4447
-4439
-5936
-5203
-2476
-2048
-2035
945
3915
5292
6091
6479
5630
2335
-778
-283
1409
1304
800
143
-1061
-4889
-9939
-11484
-9535
-7130
-5418
-2758
23
1464
716
-394
638
237
-836
-56
903
3064
5054
6861
6945
3791
906
-1371
-3052
-3006
-108
3868
6230
6079
4011
1337
-555
288
419
-59
1406
1465
-186
-1363
-1563
-3019
-5657
-6513
-6438
-6805
-7236
-5559
-1792
734
1283
1053
923
695
344
668
2753
5741
6382
4963
3005
1504
574
-1843
-4275
-2752
337
60
-1816
-1635
882
1833
-808
-2135
-44
2314
1901
87
835
3455
3035
-1054
-3208
-1188
-770
-4801
-7250
-5398
-3824
-6565
-8906
-5128
-565
-385
-696
2841
6615
6168
3423
2477
4552
4768
2111
1701
3159
3083
839
-453
587
1016
-313
-1389
-1127
-329
727
2122
2732
2297
1788
1543
1279
-189
-629
-116
-1327
-3806
-5246
-4914
-4425
-5032
-5197
-3280
-1154
-631
-557
1302
4393
5826
3997
4808
6370
4309
2512
1280
308
-747
-1689
-2132
-1364
-2062
-3816
-4857
-5409
-4057
-3666
-2613
349
2918
3617
3134
3804
4619
4142
2984
3273
3595
3234
3127
3010
3051
2630
1972
813
-231
249
683
217
517
-239
-1670
-1286
-931
-1801
-2617
-2158
-1304
-1989
-2402
-2185
-2222
-1729
-2736
-2861
-1173
-1005
-1696
-328
1460
795
107
994
2338
2758
2951
2682
3309
4160
2063
-875
-45
1861
206
-1150
1178
3410
-246
-3313
-2428
-1836
-1519
-1143
-906
-74
53
-4469
-6398
-2629
-1420
-1679
-350
938
583
-1292
-2696
-2056
-1373
-1678
-1379
778
3433
4041
4231
4525
3531
619
-843
-467
-1117
-1886
-2111
-2524
-3655
-5747
-6228
-3970
-1110
215
839
3153
5771
6788
6713
7714
8623
7118
4333
4037
4758
3089
-199
-3072
-4035
-7322
-12798
-12952
-9266
-6927
-5650
-3515
-738
-34
-854
-702
1530
4244
5683
6633
7786
8016
5755
1763
-1288
-2456
-4781
-7841
-8038
-5740
-5784
-7245
-6403
-5196
-4040
-4089
-3299
1324
4630
5143
6952
9369
9930
8047
6848
7488
7174
5600
3864
2793
1429
-372
-2720
-3859
-3710
-4287
-4719
-5903
-5484
-4651
-5319
-5054
-3848
-3271
-2216
-392
190
688
830
1007
856
1086
534
-305
645
1914
954
-157
1373
2370
2562
1817
1937
2645
2511
1664
181
307
174
-990
-454
1268
2340
1934
-1212
-4490
-5183
-5244
-5377
-2770
427
1158
1341
-933
-3284
-4673
-3827
-292
922
1336
3294
3412
1219
338
-334
-78
436
-267
1305
5025
5986
4159
3557
4034
2140
-699
-1397
261
1732
738
-425
-1042
-331
277
-286
176
2151
3064
2359
3264
4214
5815
6817
5577
4858
4868
2516
-480
-1639
-3635
-6052
-8083
-8603
-8875
-7815
-5212
-4816
-4015
-1449
-760
-652
757
3020
5311
6274
7120
6656
5012
4339
3701
1090
-1841
-1319
-2384
-5592
-7060
-7521
-6954
-6857
-6360
-4301
-1324
302
631
1090
2998
4429
4041
5129
7691
8310
6955
7163
6060
2569
23
-969
-1963
-3029
-3432
-4263
-4263
-2371
-2982
-5066
-4079
-2376
-3371
-2955
220
1889
2322
2933
2501
2157
1617
-1933
-2625
-547
-2149
-3669
-1884
-945
-1396
-2766
-2733
-1818
-2404
-2718
-1720
-219
775
695
169
2746
3879
2342
2831
5496
6413
3628
-519
-3273
-1982
-2610
-4930
-4872
-2335
-925
-3111
-3856
-2751
-2758
-4299
-4143
-3554
-2570
-1353
-1094
-394
1226
2113
909
983
1213
995
1858
3691
5605
5110
5462
7027
4697
1857
2530
1340
-548
84
165
-336
-302
-2268
-3806
-2872
-2168
-3000
-2286
1226
1811
1478
1197
1667
470
-1859
-1684
-1657
-1239
-691
-848
-1199
-137
-334
-1457
-21
707
-400
564
3105
2598
1730
4055
6352
5395
3719
2876
1580
506
-1527
-4216
-4075
-3142
-5420
-6588
-5357
-4455
-4846
-4947
-3658
-1226
257
504
2496
4905
5326
4759
6049
7208
7055
6517
5974
5605
3595
2507
920
-358
-1827
-3580
-3275
-3644
-4337
-4718
-3360
-2924
-2618
-2317
-1353
539
1036
1433
2392
3763
3928
2230
1014
1926
1774
846
963
2069
3078
1957
-299
-596
-1028
-3416
-3518
-1984
165
33
-309
1774
1263
656
-36
441
1989
2747
1771
245
-311
-2816
-5190
-4972
-3578
-2379
-689
721
2095
1465
-20
-615
-1128
590
797
555
3385
3664
2181
2294
1859
145
-667
-1090
-2612
-1972
-743
-1532
-2017
-1027
-272
-2225
-1525
221
-471
-141
487
1880
2531
2237
2624
3176
3340
1724
844
1610
457
-1011
-1549
-2579
-3605
-4208
-4853
-5154
-4345
-3354
-2946
-2558
-2341
-1246
-1155
-982
-128
-583
297
977
546
966
1585
2015
798
-708
-677
-1474
-3362
-3888
-2103
-1680
-1004
803
589
-96
-455
-384
-1020
-1711
-1046
-62
-213
167
1008
93
718
1835
-322
-1034
1310
122
-1329
-437
-959
-927
-123
-403
-1550
-227
1105
-1199
-1889
-398
-557
-517
-815
-383
939
496
-80
537
1900
677
321
1579
1642
1421
1473
2486
1884
1268
4
-991
-2481
-4009
-3771
-4940
-3104
-832
-168
520
2846
3539
2274
3818
4976
5057
5534
7227
6556
2568
290
651
-1510
-3906
-3026
-1698
-878
-1083
-2045
-2582
-1240
-1034
-2461
-1097
1051
776
994
2716
2837
3806
4661
4456
2465
2178
2944
311
-814
618
-636
-1869
-230
-1449
-1331
416
1158
536
38
1208
1115
-132
185
1050
899
1990
1835
-378
-218
-320
-2670
-2797
-1975
-3279
-2015
-657
-1745
-704
377
-116
-391
838
1169
1173
2090
2714
3316
4138
3554
2827
1680
219
-302
-1729
-2556
-2279
-1669
-665
-419
-412
832
956
668
-310
-667
460
-614
-380
1349
1036
738
1923
623
-599
429
-614
-1612
-709
601
154
553
1023
975
1024
-9
-1440
-1621
-2378
-3408
-2855
-3774
-3297
-3294
-4428
-4518
-3902
-4293
-4232
-1775
-1447
15
1837
1814
3263
4581
4089
4882
6370
5803
5591
4616
3842
2146
1256
1046
-251
-400
-712
-1463
-2491
-2127
-672
-768
-1166
899
1201
-2225
-2684
-2172
-3976
-3250
-2360
-2221
-1004
-1095
-2316
-2395
-2215
-3777
-2578
-2034
-2845
-1123
-1414
-509
1461
1296
1499
2784
1455
-833
-1175
-1701
-3637
-4674
-3656
-3797
-2804
-2848
-2715
-454
-576
-746
1220
1921
2167
4589
5304
4999
6545
6119
4309
3388
1857
-9
-576
-1885
-3943
-3874
-3643
-3920
-4802
-4661
-2819
-3504
-3777
-1739
-705
-6
1636
2851
3595
4717
4957
4277
4522
5352
4124
2648
2687
1640
-72
-1110
-2284
-1949
-1679
-3265
-3120
-421
-1160
-2249
882
1322
460
2783
3799
2466
4164
4626
923
946
1282
-2822
-4041
-1871
-3343
-5711
-3536
-2977
-4568
-2848
-1851
-2060
-466
1242
1067
1160
2839
4120
3286
3489
4815
3963
3049
3272
2878
1723
1945
1072
-499
522
-545
-2327
-1310
-955
-2032
-1673
-517
-1144
-1105
215
709
972
2197
3400
4128
4691
5694
5412
3768
3069
3134
1576
543
444
-507
-598
-1895
-4029
-4347
-4867
-6367
-7295
-6297
-5503
-6242
-5364
-3734
-2973
-2230
-846
709
2118
3343
4361
4255
3935
4077
3246
2322
2326
2663
2569
2368
1857
1157
1388
873
-646
107
920
182
743
1769
1843
1421
1665
282
-1248
-1361
-4058
-5261
-4346
-5811
-6565
-4925
-4620
-4969
-3941
-2763
-1854
-147
1781
2525
3945
6205
7033
6377
6922
7813
6581
5347
4388
4123
1682
-921
-1188
-3947
-5859
-5679
-7563
-9775
-8475
-8333
-9769
-8474
-7314
-6701
-5218
-2894
-1854
-265
2654
3601
4607
6258
7424
8083
7920
6983
7118
7423
6436
4589
3237
2767
1355
-1206
-2694
-3207
-4471
-5508
-6718
-8012
-7507
-6671
-6435
-6746
-5790
-3505
-2933
-1857
-579
1095
2636
3466
3621
3960
4814
5361
5033
4374
5092
4584
2999
2612
2007
1627
1604
725
479
-169
-1520
-1727
-2630
-4016
-3837
-4350
-5284
-4275
-2842
-4719
-3647
-2083
-4086
-3968
-1732
-1545
-2245
1101
1799
1372
3644
3770
3702
5898
6185
4373
5619
7078
4640
2041
3072
2962
-1269
-2217
-1793
-4554
-5181
-4706
-6141
-5893
-4602
-4079
-4819
-3740
-865
-1236
-243
2113
3136
4253
5559
6141
6719
7548
7353
7265
7243
6807
5505
4290
3986
2490
248
-502
-1272
-3712
-5120
-5300
-6753
-7568
-6940
-5544
-5278
-5429
-2240
-1686
-1981
726
1785
166
2893
4851
1354
2558
5629
4711
3190
5937
5366
4522
5363
5158
4643
4696
4384
1820
2327
1252
-1153
-1815
-2815
-4163
-5449
-6101
-7001
-7252
-5814
-5843
-6664
-4286
-2762
-3462
-1705
359
128
959
3140
2295
2168
4597
3963
2541
5119
5241
3310
4109
4568
2759
1789
2560
-148
-1861
-1365
-3034
-5299
-4988
-4506
-6728
-6126
-3414
-4510
-5410
-2015
-1479
-2299
6
1321
1361
2497
3805
1001
2312
4325
1519
1571
2752
1381
159
1354
275
-1376
-1180
-2227
-4495
-5536
-5523
-7261
-7632
-6847
-6770
-5671
-5262
-4538
-3454
-2019
-1316
-1303
-33
2032
2025
2226
4037
4341
4162
4805
5182
5204
6030
6286
5029
4664
5842
3980
867
1102
583
-3484
-4902
-4022
-6101
-8093
-7408
-6531
-7918
-7466
-4317
-3654
-3199
-388
166
957
4147
4196
4008
5713
6690
6201
6841
7997
7467
8736
8811
6967
7700
7525
4401
3433
3222
116
-1995
-2453
-4283
-5646
-6045
-8005
-7976
-6680
-7982
-8195
-6099
-4259
-4362
-3941
-2013
-167
613
495
1593
2234
2728
3365
2852
3246
5148
5129
3846
4924
5740
4546
4656
3573
929
542
825
-2141
-4329
-3134
-4432
-5410
-4597
-4576
-4266
-2233
-1583
-1566
619
2365
2933
2105
3295
4647
3409
3171
4155
2977
3064
4022
1375
1535
3337
1329
-559
291
-1439
-2826
-2461
-4985
-6492
-5362
-5844
-8571
-7559
-4780
-4402
-4686
-2336
295
878
1525
3191
4827
3936
4463
5636
4920
4205
4830
4553
3587
4228
2896
2398
2749
948
-320
-795
-2108
-3987
-4538
-5931
-6567
-6365
-7282
-6982
-5963
-5181
-4688
-3108
-812
-149
78
2229
4189
4013
4223
5098
5124
5825
5477
4560
6239
7195
5489
5183
6496
5734
4532
4212
3254
2634
1802
5
-870
-1146
-2889
-3530
-2243
-4463
-5387
-4240
-5292
-5404
-4839
-5014
-4263
-2580
-3376
-3863
-1834
-494
-775
-501
1257
1444
1619
3817
3665
3086
5348
5539
3216
3167
3662
2001
26
-566
-1650
-3484
-3185
-3816
-5454
-4678
-3078
-3197
-3412
-2395
-991
-37
146
857
1572
1954
2391
2763
2050
2372
3145
1921
1055
1401
1110
-200
-537
-1140
-2463
-2930
-3075
-5439
-5897
-4547
-5706
-6317
-5391
-4439
-3658
-2539
-1675
-86
1559
1948
2746
4018
4353
4551
4640
3888
3800
2929
1429
1980
599
-989
-431
-712
-2587
-2936
-1857
-3341
-4394
-4185
-4528
-5252
-4343
-4835
-4948
-2753
-2575
-2354
-1644
-116
1446
1599
1575
3256
4581
3161
3636
4722
3957
4024
4114
4134
3921
3816
4153
4556
4833
4427
4468
4972
4831
3866
2927
2688
1297
-75
-472
-2351
-3164
-3101
-4901
-6657
-5337
-4110
-6876
-6586
-3963
-4187
-3780
-1986
-1588
-851
1588
1472
1147
2969
4598
4089
4096
5072
5000
5566
3784
3252
4071
2169
262
-147
-645
-2485
-3644
-3921
-4190
-4300
-3639
-3465
-3261
-1713
-1087
-1026
156
1523
1604
1794
2722
3077
3031
2596
2607
2633
1752
806
477
-351
-2348
-3242
-2229
-3025
-4391
-4462
-3759
-2884
-4055
-3966
-1781
-1646
-2580
-722
90
-74
1849
2810
2247
2262
3865
3916
3076
3130
2477
2302
1721
294
-405
-356
-1065
-2083
-1529
-1801
-2716
-2071
-1938
-3051
-2813
-1310
-2558
-4078
-2019
-1731
-2953
-2644
-1046
-568
-1484
553
1357
1227
2415
2333
2536
3494
4205
3094
3458
5266
4655
3628
4555
6079
5220
5061
6290
5049
4039
4210
3528
2509
940
-997
-1466
-2176
-3693
-4747
-4354
-4470
-5519
-5555
-5235
-3469
-2756
-3108
-2729
-303
779
57
1220
2647
2855
1920
2991
2100
788
2032
1842
92
-173
1097
-630
-1035
-558
-740
-26
-835
-1276
-826
-257
-192
-397
-158
383
568
119
-26
833
1479
199
-586
426
-60
-1616
-1550
-2190
-3594
-3349
-4038
-5221
-5033
-4070
-4071
-4418
-2996
-1608
-1762
-1804
-28
1442
727
428
2141
2401
1373
2186
3136
2434
2166
3087
2511
1974
3376
2028
1231
1970
1144
-263
-130
559
-1342
-1096
-1209
-1966
-1816
-1680
-1916
-3273
-1468
-1183
-2819
-1044
461
-1692
-1997
728
-22
-1583
-1008
-629
-1477
-1667
-733
-727
-692
238
819
1307
2187
2911
3380
2810
2863
3989
3940
3360
3378
3691
3510
3163
2893
3062
2546
1428
1384
1809
1068
726
1416
1017
834
1252
1938
1882
2166
1926
1471
2213
1845
445
783
1015
-794
-943
-1181
-2043
-2167
-2840
-4549
-3845
-3155
-5102
-5828
-3826
-3304
-4914
-3751
-2441
-1908
-1158
-370
-528
537
2099
462
-174
1666
1438
-275
-989
-1042
-685
-1293
-1976
-2651
-2564
-1792
-3224
-4104
-2765
-1978
-3433
-4447
-2557
-1718
-2667
-1949
-613
-680
-311
761
678
800
2360
2177
1399
2560
2982
2487
2947
3107
2447
2769
3201
1889
1030
1910
1170
-353
76
-122
-1397
-1253
-646
-1351
-1943
-1364
-1768
-2140
-1983
-1981
-1548
-1238
-2265
-1778
-784
-1174
-1037
-1078
-1137
-1592
-1879
-1672
-1369
-1220
-1745
-1292
-158
712
1125
875
1699
2233
2606
3231
3898
4183
3591
3990
4119
3809
4513
4617
3688
3806
4954
5012
4321
4830
4604
4198
4159
3136
2497
2230
1805
292
-557
186
451
-505
-435
479
310
247
504
-147
-378
-60
-2011
-2254
-2096
-4102
-4388
-3036
-3946
-5959
-3916
-3373
-4940
-3791
-3130
-3328
-1755
-1462
-2289
-1060
422
-745
-1744
202
170
-836
-935
-368
168
-218
22
-226
-126
99
-102
-651
-484
69
-361
-446
-43
144
128
1205
960
843
1892
2340
2525
2460
2996
3085
2686
2284
2022
1459
1543
1405
-362
-569
90
-1439
-2035
-1906
-2189
-2419
-3482
-3328
-2113
-2288
-3131
-1903
-1584
-2354
-1122
-697
-1474
-1407
-1146
-1145
-2184
-2146
-1136
-1440
-1139
-879
-928
-490
236
353
85
694
781
583
957
1119
1278
2104
2268
2209
3853
4654
4040
4785
5670
5809
5362
4939
5584
5511
4373
3540
3845
2794
1121
941
629
352
-314
-1402
-1154
-875
-2103
-2839
-1908
-1692
-2677
-2473
-1727
-2631
-3196
-2834
-4008
-4771
-4933
-5562
-6453
-6599
-6739
-7675
-6874
-5426
-5033
-4731
-3755
-1674
-409
64
1390
3167
3611
3237
4146
5141
4488
3629
3814
2997
2677
3409
2520
1972
2942
3065
2097
1691
2107
1856
361
-135
139
-650
-1686
-1942
-1482
-1523
-1975
-1946
-1069
-107
-556
-361
1181
992
-89
-49
339
-330
-1254
-1343
-1539
-1473
-1831
-1877
-1110
-617
-869
-1061
368
825
287
34
1255
1552
-371
-113
755
-72
-1084
-679
-563
-853
-217
73
-157
454
828
338
139
68
20
-976
-1764
-1116
-333
-659
-119
1188
1900
3287
3846
4210
4969
4621
4113
4918
5521
4621
4249
4862
4042
3415
4026
4033
3053
2178
1895
872
628
-464
-2092
-2461
-2905
-3244
-3253
-2732
-2437
-2457
-1807
-1204
-1824
-2577
-3368
-4860
-5545
-6096
-8100
-8704
-7114
-7604
-7778
-4540
-2743
-1932
151
1846
3624
4539
5330
5300
4842
4742
3717
2690
2094
2007
1114
378
-429
-246
458
-148
-349
-737
18
251
-769
-419
-427
-14
77
-644
-805
129
235
-359
449
624
105
-449
-486
-791
-2211
-2042
-1620
-2890
-3075
-2326
-1568
-1875
-1992
-498
270
272
626
1404
1975
1873
1313
987
1132
757
-720
-769
-247
-1344
-1542
-978
-1178
-1077
-783
-1047
-1103
-1319
-2160
-3178
-3686
-3750
-4186
-4111
-3031
-2232
-1201
102
1086
2177
3131
3188
3835
4508
2873
2611
3998
3597
3033
4283
4881
5062
5472
5504
5671
5750
5675
4176
2635
1832
802
-686
-2099
-2282
-2582
-2851
-3161
-2914
-1253
-1323
-1599
-1391
-1500
-624
-1731
-2692
-2518
-3068
-3723
-3736
-2765
-2758
-2525
-1697
-764
-754
-77
1687
1847
1365
1791
2720
2248
1932
2674
3138
2357
2061
1672
805
682
557
-434
-1362
-717
14
-107
-579
1238
2406
707
559
2073
1634
85
-217
284
-217
-2061
-1759
-1515
-1992
-1673
-1305
-518
-407
371
845
754
1573
1056
15
567
-459
-2537
-1722
-1395
-1998
-1931
-941
-626
-411
715
-117
208
1144
155
-627
683
1038
177
520
1162
813
527
182
-346
-181
-1133
-1852
-1913
-2010
-2107
-2401
-2791
-2313
-2776
-3477
-2545
-2855
-3134
-2047
-1296
-35
2102
3635
4379
5739
6804
6621
6379
5695
5068
3788
2828
2145
1517
933
24
-185
-229
480
379
19
900
1251
-399
-641
257
-547
-819
-366
-63
89
227
47
-319
-54
-503
-1667
-2124
-2552
-3749
-3335
-2609
-2231
-1473
-1269
-159
399
700
1258
1450
149
-290
-29
-936
-2099
-2578
-2224
-2595
-2591
-2104
-1910
-1042
-176
-535
11
1229
1586
1278
1128
1255
988
-218
-1544
-363
-645
-2227
-1060
-833
-1841
-1882
-1230
-2000
-3141
-2638
-2924
-4909
-4619
-2895
-3157
-3017
-2381
-1567
-986
-398
674
205
657
1903
1310
576
2293
3388
2847
3225
3578
3577
3846
3142
1704
1360
1393
-887
-2640
-1724
-1959
-2972
-3077
-2407
-2536
-2108
-1808
-2605
-2642
-547
-810
-1896
308
2573
2978
2609
3731
3715
3175
1961
650
74
69
-509
-220
1373
2007
2354
2787
3525
3078
2761
3004
2539
2152
2024
1732
2285
2665
2996
4308
4349
4441
4722
3517
3152
3050
981
266
86
-2302
-2796
-2454
-2592
-2317
-1993
-1510
-792
-214
-857
-132
1135
-717
-1788
-19
-1187
-1838
-76
-77
-193
1324
1415
107
1154
627
-1652
-2427
-2178
-3665
-4190
-3026
-2549
-2674
-1360
-481
-735
290
482
124
-611
-900
-2035
-2284
-2257
-2161
-1958
-1849
-995
-889
-409
-345
-146
43
-1335
-1818
-233
-544
-722
1611
2718
3185
5377
6243
5982
6709
5533
3094
2369
2444
417
-123
685
-203
-314
257
-46
-845
-726
-2406
-4026
-3886
-4352
-4859
-4018
-760
278
110
2045
3115
1786
1070
-42
-2696
-4120
-5212
-5457
-5293
-3747
-1704
61
1386
1252
997
1880
795
-1278
-470
-116
340
2661
4635
5274
6954
8099
7168
6096
6245
4750
1220
1643
1584
-363
283
1472
502
520
1964
869
271
1206
855
-322
-695
-307
-1643
-2027
-1263
-1755
-1286
-889
-1017
-232
1040
527
-647
-1993
-2370
-3700
-6665
-7478
-8216
-9489
-10448
-9174
-8413
-8144
-5865
-4667
-3218
-1826
-615
-361
683
2101
1084
1188
2770
2332
345
-109
-545
-2439
-4500
-4911
-5332
-5346
-4573
-3324
-1341
1154
3088
4568
6866
6789
6744
6984
5521
3499
3228
3333
1891
2172
2734
2692
3269
4380
3660
2026
2341
1580
-115
-254
223
46
478
1999
2851
2794
3000
3102
1833
11
-1339
-3154
-4632
-4896
-4660
-4905
-4292
-2251
-1316
-1504
-533
169
-603
-545
-1033
-1763
-676
569
-440
662
3735
4092
4252
6155
6348
5279
5785
5128
3262
3346
3054
2182
2675
2935
3416
3684
4140
3932
3063
2886
2751
1843
1561
1963
704
1014
2033
672
794
2691
2376
1783
3056
2675
1019
1240
408
-2106
-3337
-4804
-7404
-8442
-8395
-9738
-9761
-9170
-9071
-8731
-7965
-7561
-7240
-7245
-6420
-4711
-4135
-2043
-983
43
813
-30
-580
-1129
-2756
-3944
-4136
-4065
-3412
-2812
-901
1110
1995
1818
1492
1540
1029
391
-270
1358
2257
2559
4746
6249
7324
6264
4693
3855
2408
12
-922
-178
0
-65
777
2418
2229
1672
1761
792
-880
-2418
-3281
-3461
-4085
-4054
-3514
-3187
-1462
-938
-701
347
771
886
347
-37
-106
-937
-1305
-892
-1244
-790
-1389
-2048
-1109
-1326
-1901
-1293
-716
-19
1054
1340
2136
3980
4792
4808
5660
6185
7247
6884
6508
7176
6621
5275
4048
3146
1759
645
226
-12
-112
1020
1730
2261
4006
5278
5079
5331
5582
4542
3668
2773
2583
1242
-224
-297
-1589
-3403
-4495
-4544
-5482
-7006
-7395
-6597
-6515
-7218
-5796
-4735
-5592
-4935
-4078
-4827
-5040
-3626
-4264
-4906
-2483
-2065
-2089
76
659
-295
-842
-2132
-3430
-3550
-4884
-5401
-2986
-1595
-571
2011
3695
4725
6427
5544
4581
5425
4702
3153
3021
3746
3987
3794
4499
4628
3160
2470
997
-488
-516
-1005
-1065
74
1268
1240
1119
2059
1337
412
1491
1350
64
1291
2287
998
1051
1507
292
-405
-818
-2767
-3900
-3901
-4286
-4469
-4310
-3231
-2647
-3402
-2743
-2230
-2241
-1854
-1898
-1400
487
1745
1738
3258
5421
4889
4212
5082
4140
2673
2607
984
-1076
-140
-1267
-3240
-2567
-447
-674
-560
2755
3799
4276
5610
6851
7015
8169
7765
5968
6003
5407
2954
743
887
-1610
-4013
-3720
-4415
-6294
-5977
-5521
-6789
-6398
-5781
-6082
-6072
-4669
-4505
-4562
-3294
-2711
-3019
-2741
-2068
-3300
-3811
-3322
-4409
-5751
-4812
-4597
-5880
-4168
-2984
-3555
-2072
-140
-1041
-762
1705
1686
1113
2706
3776
3246
3885
3967
3614
4037
3818
2980
2204
2776
2162
768
9
757
1407
-274
431
2806
1563
1531
3346
2020
843
590
501
-879
-1483
-1285
-1697
-1894
-2197
-1741
-2446
-2284
-1207
-1413
-1660
-772
-357
-1663
-1061
-209
-897
-966
-792
318
101
-1154
-717
562
-75
-662
609
1662
2131
1470
2184
3661
2765
1747
2528
1897
1465
835
269
1113
834
1176
1610
2071
3572
3837
3684
4883
4571
4409
5228
4455
4315
4643
3608
2696
3219
2688
613
136
-299
-1242
-2608
-3310
-2833
-3077
-3965
-3387
-1443
-1337
-2402
-957
23
-966
-1374
-1877
-2561
-2907
-3408
-5026
-4817
-3823
-4015
-5265
-4313
-2374
-3030
-2100
-792
14
589
1217
2682
2911
2578
3110
2964
1853
1821
1420
699
437
231
165
467
610
1199
1039
1151
2278
2067
2213
3205
3669
3195
3082
2628
2018
150
-1470
-2367
-3641
-4456
-5382
-4906
-4428
-3332
-2405
-2042
-708
167
-263
-457
374
-942
-1236
-423
-1231
-1436
-78
-972
-1384
-352
-1202
-2448
-3307
-2207
-3165
-3291
-935
504
1170
2706
4110
3855
4926
4150
2796
2675
2148
974
111
1174
1459
912
1040
1997
2007
1903
1817
1726
1427
1029
1186
786
1056
1967
1892
1028
2151
2275
568
192
598
-505
-1476
-968
-2163
-2604
-1623
-2482
-3143
-2393
-2572
-3520
-3270
-3247
-4070
-3505
-2445
-3236
-3633
-1435
-856
-2211
-784
-305
-921
-840
-1783
-1730
-1611
-1796
-2276
-2224
-1140
-1177
-1439
-497
-156
400
445
-34
620
1602
1180
1170
2422
2568
3093
3499
3144
3805
3826
2309
1483
1210
613
-872
-1717
-1812
-1899
-1909
-2171
-1601
-343
309
152
1082
1851
1248
842
222
731
423
-735
502
574
-40
525
460
164
-440
-654
-1087
-2263
-2343
-1025
-1709
-2011
809
1624
1326
2700
4289
3066
2999
3430
1807
1870
2181
1242
685
2249
2502
2309
3477
3451
3370
2877
2572
1446
801
552
-673
-1203
-1810
-1239
-1376
-1537
-1053
-371
212
295
292
717
1579
1156
166
225
337
-61
-1061
-2191
-980
-1481
-3142
-2667
-1669
-1878
-2183
-1688
-563
-350
-1022
713
592
66
1220
924
-5
432
939
-536
-917
-500
-1208
-1403
-78
-809
-1577
486
346
-1847
-93
1167
-1264
-150
817
-4
363
1079
368
525
1464
239
-236
750
415
-967
-693
-321
-1182
-1286
-605
-293
49
-457
-406
-169
-1098
-1115
-1629
-2318
-1842
-1492
-1849
-1734
-31
488
-147
-103
956
960
-14
33
120
-142
-743
-822
-169
24
-137
445
585
304
-45
244
216
-585
-5
319
302
1881
2134
1265
2940
3570
1056
597
1659
-218
-2724
-1919
-2257
-4058
-2514
-2571
-3089
-930
-483
-2046
-172
1679
-487
-78
1325
578
296
669
1164
930
992
1357
490
346
367
-1190
-1496
-632
-1798
-2577
-1502
-1672
-2315
-2070
-1721
-2063
-2274
-1669
-1155
-231
514
465
1596
2235
1416
1742
1688
738
-166
-218
-767
-1536
-500
-946
-1296
-151
124
-96
488
1243
1243
1670
1933
2022
2130
2385
2841
2070
1437
2287
2214
392
698
2141
257
-915
541
91
-1379
-1082
-1027
-1260
-1259
-1011
-59
963
1977
2192
2855
3479
3114
2548
2758
2569
1579
1212
1116
604
-196
-262
-325
7
-125
-434
364
989
767
690
1617
2212
1531
1240
2154
1877
875
380
478
75
-1583
-1883
-1549
-2386
-3103
-2550
-2108
-2159
-2220
-1531
-544
-972
-706
347
-443
-149
1192
-799
-1051
1230
-129
-2285
-363
-49
-2337
-1577
-512
-1355
-1574
-479
-1499
-1345
-176
-1339
-1740
-1077
-1284
-1863
-743
-638
-409
986
961
515
898
1877
906
57
811
62
-803
-675
-753
-1356
-1161
-579
-948
-1016
131
358
-238
274
-21
212
595
-58
454
1047
518
357
744
180
265
1047
439
-75
895
741
116
305
118
130
-99
-492
-451
206
305
803
1174
1507
1987
2628
2409
1072
1971
2063
356
-566
588
60
-685
-470
-466
-299
-791
-480
-428
-267
-47
87
441
383
94
598
912
-67
-852
242
-296
-1789
-1045
-1231
-1381
-1240
-1530
-1769
-1337
-461
-1297
-1532
-392
-89
-883
-1001
-151
253
-334
-925
-17
706
6
-682
-135
424
169
-661
-122
448
-173
-227
-498
-956
-817
-763
-1927
-1192
-351
-1311
-569
646
-113
-283
1835
1171
160
1712
2255
134
36
1274
-259
-856
-656
-563
-1306
-235
103
-1113
60
654
429
-620
60
495
-240
202
-42
292
1005
1423
571
985
2019
914
92
310
75
-344
-746
-867
-312
-567
75
-140
-337
1187
732
108
1396
1693
1365
2144
1881
1643
1898
1547
996
311
563
-226
-811
0
-579
-1147
-636
-412
-276
-118
-29
362
975
538
630
1067
971
744
-89
448
890
-170
-1195
763
569
-1344
-751
522
-191
-2277
-480
322
-1527
-1253
64
-785
-677
434
-18
-348
535
1319
-309
-150
734
464
30
75
229
43
9
-229
-439
-782
-799
-982
-489
-881
-438
1170
811
512
1248
1615
751
330
886
924
221
417
812
505
237
0
-487
-1292
-1045
-1875
-1743
-1193
-2137
-1525
-244
-1644
-1373
673
-1096
-1731
-35
-354
-1982
-104
275
-1050
86
251
-577
-268
173
-1249
-1523
-732
-1261
-2077
-1147
-309
-1193
-495
253
-626
-73
638
163
306
1106
1079
836
1647
1472
1018
1197
1368
50
-195
388
-748
-892
-30
-618
-938
537
-348
102
1120
1270
1054
670
1829
1329
766
971
1257
760
-11
-16
479
-419
-547
214
-1047
-693
153
-715
-1232
537
45
-1355
938
962
-396
873
1878
151
589
1633
222
-561
526
803
-1346
-393
323
-705
-718
-116
-86
-376
109
344
627
1054
798
881
1539
1322
643
1122
1428
420
953
922
51
717
489
-952
-724
-40
-1007
-1333
-672
-111
-830
-1313
181
-295
-1440
-373
-200
-1000
-613
-293
-863
-726
-17
-518
-664
-108
-372
-1217
-706
-641
-1965
-838
-785
-1748
-181
105
-1066
387
828
-522
485
929
-201
391
1120
240
91
1329
1194
-637
533
1341
-462
-993
-197
-159
-2032
-1632
-687
-1403
-1302
-862
-494
-680
282
148
-46
1460
1019
296
1086
1828
940
587
981
850
49
-328
-181
-753
-730
-1083
-1156
-664
-447
-914
-79
694
-463
497
969
409
-98
830
1008
-362
565
1315
701
7
1461
1016
241
844
-161
197
769
-665
-773
648
178
-84
184
1231
1176
755
1798
1339
1057
1616
1057
189
996
293
-674
266
483
-749
-605
687
176
-387
-394
543
-126
-957
-527
-78
-56
-692
-235
41
-120
-187
-174
-765
100
-143
-1560
-457
-198
-1145
-728
-201
-954
-264
83
-919
-344
253
-500
-466
254
-146
-676
-142
61
-948
-391
396
-1174
-706
291
-880
-789
-407
-313
-940
-106
-88
-1274
33
757
-642
-703
1357
120
-492
437
1078
-126
-577
1072
297
-353
-44
815
-195
-629
-350
-383
-402
-1140
-361
-91
-364
-427
150
273
246
954
455
210
1517
1391
-201
331
1308
475
-593
65
624
-263
-703
-171
-396
-41
640
-739
-675
1455
330
-1313
545
1210
-201
-672
1235
256
-395
937
-290
93
1150
-179
-708
1577
80
-811
662
540
-798
-498
1342
-837
-1187
819
-60
-1718
116
-212
-1209
121
-207
-649
-343
222
-640
-508
399
13
-530
471
792
-562
239
784
-323
-234
648
-272
-691
427
409
-767
16
935
-489
-175
715
456
-501
34
596
431
-2
332
643
21
442
-111
64
426
144
-470
158
814
-223
-198
206
329
-241
-41
-498
-88
400
-865
-721
173
150
-1054
-660
-99
-169
-754
-666
139
-96
99
196
538
177
379
98
-231
612
-195
-539
601
552
-1202
138
744
-645
-593
429
-65
-605
449
-401
-373
350
308
-677
30
1280
-338
-392
631
354
186
334
-335
132
1284
-304
-869
739
759
-1381
-1050
966
-664
-1091
517
-837
-1027
832
-912
-1179
964
-254
-789
231
-8
-590
539
137
-665
869
101
-376
439
889
-435
123
1585
-179
-427
793
1102
-270
295
1073
589
110
775
902
288
1212
376
-17
1136
1135
-234
540
1041
534
254
595
954
540
881
439
599
946
749
204
728
771
-57
208
373
117
-282
-190
-103
167
-692
-376
-66
-819
-379
-634
-944
-1139
-469
-445
-944
-1005
-396
-731
-1110
-511
-975
-1030
-991
-913
-1409
-691
-1121
-1613
-564
-577
-1502
-1438
112
-1394
-1739
23
-846
-1818
-59
-331
-1655
-237
281
-800
-845
467
4
-1191
326
666
-890
99
609
-288
152
394
43
408
221
30
219
100
186
67
607
120
69
936
326
-354
697
884
-237
720
459
114
607
601
131
511
1123
168
362
765
387
280
844
307
250
1491
390
156
1185
793
-28
853
905
-279
364
994
261
343
837
-298
332
988
-18
-106
1042
623
-747
401
1260
-53
-625
750
333
-356
210
228
-130
183
832
-621
-123
632
-111
-152
176
357
-298
-20
-32
-248
31
196
-543
-186
313
-724
-247
-139
117
-543
-297
668
-559
-110
403
-42
-511
513
41
-163
430
-171
75
545
284
-759
619
901
-311
-146
846
254
46
576
-432
475
318
-632
44
378
-46
-322
16
59
-27
-197
559
-283
-425
845
-70
-383
334
223
-443
307
577
-125
32
478
-55
-313
215
189
-280
-622
177
278
-547
-236
114
-5
-567
-80
-304
-458
206
-474
-918
-297
206
-1036
-670
-28
-382
-418
-388
-232
11
138
-848
-100
130
-389
-264
-524
-333
-15
-168
-715
-314
-253
51
-961
-497
263
-889
-722
-89
214
-779
-659
-52
-263
-1044
-350
338
-1227
-783
174
-461
-968
-581
-641
-73
-521
-1430
-119
16
-716
-1284
74
49
-1105
-4
-138
-994
445
453
-1375
-118
1036
-493
-688
486
381
-45
-44
435
294
-105
808
279
-506
1006
556
-491
465
562
-12
443
546
-37
746
818
-302
-164
1223
549
-778
562
873
-120
216
738
192
449
631
175
65
797
676
-83
464
889
604
-334
438
964
-83
-245
425
491
51
200
97
402
-79
-243
285
-55
-148
-148
79
-174
137
-340
62
169
-290
389
-499
-274
277
33
-909
292
461
-973
-270
352
-56
-840
219
-95
-561
63
65
-183
-49
299
-591
335
-125
-702
253
320
-271
-172
721
-597
31
636
57
-381
75
910
-118
-173
537
702
-200
186
747
290
65
213
666
192
308
85
201
572
3
36
122
114
61
247
-251
121
665
-251
-235
214
58
-610
68
242
-9
-22
49
229
-259
450
74
-232
180
318
201
-173
401
352
18
-113
736
-22
-161
632
-434
201
710
-243
-639
1258
209
-782
833
297
-367
173
561
-497
159
474
52
-165
22
435
-155
205
338
53
-214
108
344
-193
-72
506
186
-257
78
-51
-2
-24
-448
4
205
-627
-248
714
-342
-481
553
220
-746
-230
578
-185
-865
-15
71
-800
-117
-16
-755
-418
-14
-420
-684
-497
-17
-466
-1002
-536
-1
-686
-1039
-198
-330
-213
-460
-694
-314
179
-459
-1001
34
-97
-549
-144
-82
-886
-95
258
-1032
-115
361
-965
-517
376
-413
-973
100
318
-986
-73
505
-652
-79
218
-412
-318
188
-271
-362
186
8
-463
-178
298
-268
-175
7
314
-212
-458
73
315
-250
-593
419
297
-126
-536
130
-55
-226
187
-601
-476
462
87
-1086
140
476
-487
-369
97
195
-8
-546
174
375
-363
363
-114
138
572
238
79
-31
395
532
-145
-95
952
454
-208
629
820
117
484
699
409
455
611
174
608
972
67
434
1165
323
-156
985
1056
261
209
1207
626
178
909
168
842
1060
145
151
1503
1027
-185
1008
1197
328
11
1316
830
165
861
529
341
652
899
3
668
1130
254
221
858
931
176
447
934
578
431
422
341
1117
383
-110
817
767
-2
253
999
55
-162
105
10
-126
-328
-296
-320
-272
-508
-324
-603
-636
-231
-747
-1180
-245
-212
-1610
-737
54
-1010
-1426
-167
-382
-1422
-467
-727
-1105
-675
-761
-770
-851
-853
-734
-995
-388
-686
-1232
30
-958
-1428
-75
-331
-1367
-646
315
-1267
-1004
276
-550
-796
-104
-339
-888
-253
-97
-767
-410
-78
-873
-210
-182
-1188
-115
302
-936
-587
282
-605
-702
266
-39
-585
-175
350
-408
-929
408
384
-561
-391
222
319
-343
-538
184
457
-74
-493
122
678
-273
-140
611
324
42
-9
195
524
211
-415
219
588
90
-264
95
723
-30
-234
548
745
50
-259
727
699
126
280
792
545
21
288
647
504
131
367
300
663
360
-59
530
601
280
-96
226
367
329
-172
-267
552
339
-285
-128
297
412
-5
-659
467
764
-729
-496
806
492
-583
-7
613
56
-57
106
367
379
-535
292
422
-74
69
97
440
-339
-116
375
459
-334
-562
582
242
-833
47
724
-477
-548
163
241
-389
150
-126
-407
510
89
-559
-128
774
-59
-901
257
666
-528
-280
490
370
-106
-227
355
321
79
-40
215
267
158
75
-84
167
155
68
-137
33
476
-340
123
658
-312
133
550
11
-400
605
433
-565
365
592
14
-106
532
299
-106
406
421
-81
-18
541
139
-286
-203
670
63
-476
312
135
-205
-109
40
83
-61
-414
95
-158
-207
134
-93
-596
-41
432
-877
-344
91
-347
-561
-224
-379
-599
81
-519
-904
-347
406
-748
-1119
28
322
-463
-958
130
85
-277
-249
-450
67
364
-346
-660
262
576
-529
-203
491
-229
100
-234
-573
174
80
-485
-374
317
-112
-390
-206
-54
110
-491
-110
-12
-189
-228
-323
239
-202
28
-76
-524
153
-111
-539
-383
135
-180
-921
260
-31
-872
30
64
-484
-311
207
-895
-375
746
-555
-585
348
369
-460
-127
501
136
-425
228
515
-370
161
504
-105
-47
397
165
-113
108
268
-173
171
571
-286
-337
680
463
-821
516
1057
-558
3
652
229
185
395
-96
584
800
-536
504
959
-253
280
680
397
-66
216
398
-88
298
596
28
-14
829
0
263
723
63
369
456
343
189
223
639
457
94
403
544
704
-149
205
916
210
96
154
671
449
6
278
782
272
44
359
345
721
127
-32
569
346
-96
221
554
227
77
411
200
393
474
-28
339
144
467
172
-154
476
169
128
-149
159
614
-247
-447
298
443
-141
-205
71
326
190
-402
-304
459
409
-982
-268
617
-444
-597
43
56
-785
-185
165
-833
-731
266
-143
-1317
-120
557
-903
-907
508
-234
-1065
-176
2
-750
-813
272
-498
-1066
-229
-334
-756
-713
-723
-606
-517
-1177
-365
-555
-1222
-544
-654
-769
-1099
-30
-575
-1587
27
-344
-1505
-557
77
-901
-694
-226
-706
-318
-496
-1073
-93
73
-1331
-709
146
-357
-1018
-112
202
-1034
-583
-84
-224
-1078
-367
16
-972
-449
-12
-526
-575
103
-279
-774
30
166
-596
-270
197
259
16
-199
84
574
213
-529
317
992
-135
-469
937
671
-353
686
1012
-50
493
777
35
658
1274
470
251
1085
1307
119
419
1716
799
-222
808
1568
277
147
1182
974
231
542
907
588
240
430
646
410
444
329
452
435
547
415
319
541
495
206
323
774
-5
123
740
598
-173
205
801
-312
233
673
-73
63
250
264
-204
654
812
-1041
465
1249
-467
-133
539
664
-41
-164
934
-5
-160
844
170
-192
376
473
-662
377
929
-846
144
1158
-502
-772
1167
106
-1141
443
581
-476
-501
602
22
-371
-45
-356
172
301
-563
-518
247
52
-760
-249
399
-608
-537
-404
-244
-24
-648
-487
-206
-64
-413
-581
-130
-168
-357
-357
-437
-162
-12
-561
-658
-49
-235
-719
-432
-199
-262
-722
-346
116
-902
-702
-12
-394
-850
18
-209
-1145
171
-339
-1173
77
33
-987
-635
277
-154
-826
-360
303
-229
-628
-177
75
68
-475
-375
-208
229
-170
-597
-91
101
-341
-488
327
-595
-251
339
-450
-455
272
-98
-763
64
431
-378
-968
957
305
-997
441
476
-68
-375
113
115
201
244
-23
124
306
437
-88
171
504
277
170
470
141
401
547
-210
211
549
596
-438
362
1027
-190
150
206
373
-30
154
426
25
455
85
-102
258
248
-56
251
32
-61
626
-466
90
239
-174
218
-13
107
230
299
-80
360
102
162
-42
579
341
-438
587
461
40
-13
870
171
-253
608
442
137
575
53
8
826
165
36
689
657
-258
430
606
118
325
363
194
168
257
206
-147
-40
841
-416
-725
710
401
-1356
249
786
-942
176
-489
-151
255
-238
-976
-96
519
-967
-601
49
109
-933
-204
-223
-507
-70
-59
-682
1
388
-748
-255
368
443
-671
234
554
-110
-248
444
677
-518
247
824
137
-441
1001
829
-774
469
1033
-219
405
732
176
184
800
532
-419
1191
452
-432
521
465
-191
189
599
-182
197
778
-127
-779
823
221
-650
314
27
-446
326
45
-312
164
-276
59
-317
-336
-96
-169
-398
-657
-32
-273
-539
-487
72
-108
-978
-500
-165
-577
-614
-30
-305
-775
182
-121
-1248
-147
450
-965
-666
282
-327
-974
-328
119
-725
-535
-91
-434
-743
-194
-292
-324
-283
-637
-565
174
-114
-1439
-28
365
-955
-881
-55
-486
-640
-264
-1079
-379
262
-1306
-1123
755
-631
-1498
359
21
-1309
-277
125
-381
-146
-549
-83
100
-200
-706
-160
605
-525
-983
691
97
-1091
261
-395
-428
312
-18
-915
147
480
-817
-292
498
331
-1068
312
216
-395
570
-313
-137
605
450
-787
390
1412
-580
-152
1631
-56
-656
1388
1067
-460
212
2105
295
-488
1810
1158
-115
834
1432
254
478
1335
753
615
667
803
929
1018
56
744
1805
-236
334
1192
1056
-209
526
1449
-91
492
1028
738
-533
1055
906
-74
543
723
529
-184
797
416
204
138
330
461
496
238
143
556
199
372
-203
228
300
118
-106
220
421
-262
-157
300
436
-452
-328
419
217
-370
-291
-48
542
-585
-476
839
-400
-345
268
175
-632
-283
129
-485
-133
322
-507
-921
595
-406
-728
47
-45
-624
-806
-68
-130
-441
-536
-155
-387
-250
-691
-334
41
-976
-330
213
-1183
-345
591
-1405
-481
571
-817
-867
390
-757
-959
685
-702
-1082
547
-13
-1133
-339
518
-530
-956
291
-302
-398
-216
-124
180
-329
-63
-123
-145
-103
-162
-434
-35
432
-927
-345
548
-316
-437
66
302
-243
-202
-246
179
180
-297
-278
261
662
-952
109
699
-414
-238
421
-125
-420
812
-550
8
590
386
-240
160
742
-73
361
257
481
341
982
-635
553
1338
-356
290
475
427
-170
893
253
-305
713
488
-900
104
961
-782
-323
636
80
-471
-202
288
-530
-744
699
-353
-1273
289
460
-1020
-293
536
-657
-365
329
-399
-537
365
-844
-696
466
-200
-1332
-34
973
-1163
-764
409
187
-1704
128
1034
-1683
-723
1144
-230
-2060
969
496
-1643
-92
503
-348
-567
533
-532
-271
540
-580
-380
776
113
-720
-19
333
-62
-170
191
-309
133
362
-464
128
690
125
-450
671
683
-528
444
712
-323
154
1251
-258
-250
1344
324
-828
873
999
-679
490
879
-385
25
1081
58
-463
738
821
-519
330
957
-449
141
556
-172
-243
1153
-103
-656
1182
342
-954
458
1427
-1272
602
1198
-858
481
775
56
74
1054
43
184
475
329
675
326
6
327
887
-352
400
788
39
97
652
-75
10
767
-21
105
-69
442
248
-217
103
733
-96
-719
965
152
-691
425
338
-707
-78
590
-468
-56
-22
-158
-366
-398
285
-626
-570
-135
-141
-927
-622
144
-429
-751
-710
375
-733
-1013
-57
-34
-671
-453
296
-604
-205
-367
-30
-655
151
283
-1020
109
414
-787
-802
899
-665
-791
559
-211
-687
-21
110
-441
19
-23
-379
44
-223
-131
158
115
12
-386
-104
510
230
-691
216
285
-219
-303
15
195
-606
-239
511
-235
-897
378
-20
-1044
-15
408
-777
-641
299
-516
-664
-285
-365
-554
-146
-492
-755
-131
-335
-511
-283
-141
-940
-376
142
-897
-682
601
-294
-1336
448
556
-962
-186
556
8
-423
112
452
-18
96
494
-61
41
486
72
457
614
359
197
219
454
521
197
261
466
495
183
324
877
-43
65
669
651
-364
203
952
-656
181
545
-267
-159
1005
-170
-604
1254
156
-633
546
1105
-802
271
910
130
286
53
658
2
371
447
-95
-42
1245
-215
-564
1520
-103
64
-43
1072
330
-1221
1184
730
-1019
342
1060
-761
212
520
-118
231
-208
106
825
-235
-484
927
322
-364
578
503
-66
242
683
29
120
697
47
215
385
676
-21
248
460
122
172
-116
657
-107
104
-89
320
-44
-251
727
-171
-251
82
594
-682
88
1051
-520
-517
963
-42
-1002
1137
34
-992
843
122
-1611
377
1163
-1894
-251
1331
-1249
-1309
1114
-495
-1558
1090
3
-1747
5
1079
-1709
-136
1054
-1410
-253
685
-821
-649
874
-313
-965
729
681
-1854
-29
1364
-1453
-441
817
-620
-490
702
-500
-121
614
-566
-676
317
194
-1010
98
494
-978
-383
576
-552
-466
210
-180
-243
-209
126
-27
-209
377
-71
-329
728
-218
-162
233
42
-221
-222
101
-360
342
-450
-22
-62
-531
-366
-70
-605
-749
-48
-865
-686
-263
-348
-1250
-278
-134
-1650
-352
137
-1292
-855
247
-872
-700
-86
-309
-692
-125
69
-960
200
189
-788
131
841
-791
390
898
-458
184
334
246
-274
22
325
133
-46
336
147
-197
-18
16
294
100
-354
304
703
-600
216
914
-326
-165
603
178
-265
605
-75
-196
714
135
-643
529
271
-579
680
-193
-253
384
132
-199
141
179
80
-44
-259
544
-328
-368
387
30
-556
-324
370
-439
-500
457
-383
-588
30
126
-77
366
276
-40
572
392
495
454
832
752
359
458
1232
855
281
688
744
456
286
1088
268
307
306
10
335
127
346
81
-42
-120
574
-492
-77
772
-807
-116
546
15
-753
335
369
-474
411
115
-258
390
490
-481
668
1337
-194
161
1194
571
22
882
624
-23
273
802
-86
-589
1070
-197
-1151
566
169
-1192
-26
492
-1035
-429
672
-313
-1002
450
257
-659
120
732
-30
-317
1071
331
-161
758
722
31
210
770
211
0
549
115
-294
593
71
-759
-92
554
-741
-817
355
-442
-1211
-189
-160
-1059
-486
-442
-821
-667
-444
-347
-987
-540
-210
-915
-603
-42
-702
-527
224
-479
-390
-58
-232
-267
215
-597
-455
256
-277
-523
-468
422
-696
-1075
456
-184
-1090
-105
242
-921
-182
320
-611
-517
69
206
-462
-11
187
-234
51
-226
-194
453
-126
-628
513
328
-865
68
586
-695
-399
317
-88
-549
-561
407
-21
-1093
-115
249
-302
-701
-98
52
-200
-116
-192
91
30
-423
-102
402
-585
1
309
15
-76
-48
394
-441
74
0
-239
80
156
29
-207
236
-82
-267
-152
258
-4
-257
-149
367
321
-469
-262
512
173
-436
141
160
114
189
-63
16
515
195
-33
799
449
483
852
294
585
935
485
499
489
650
898
519
752
429
714
266
263
999
336
394
770
250
-265
778
356
-166
381
184
-141
-109
307
-52
-152
130
-80
-431
195
56
-512
148
457
188
-311
300
589
-285
-2
1057
27
-320
1007
115
-359
620
303
-215
-65
69
-131
453
-152
-366
861
331
-511
55
1211
-271
134
1062
95
698
500
573
432
894
458
676
429
168
1073
512
624
102
526
495
431
-141
501
626
-200
277
66
371
-264
167
-237
-470
152
-300
-702
-476
0
-840
-816
-1000
-189
-743
-1241
-329
-729
-732
-653
-908
-738
-235
-1276
-406
-160
-1016
-630
-222
-565
-1478
-366
-291
-1467
-1159
-251
-319
-1267
-865
-170
-534
-999
-742
39
-804
-422
-66
-576
278
3
-722
-5
768
-714
-301
1115
-135
-452
1172
318
-709
1253
387
-627
877
1077
-388
611
1314
-369
259
1321
417
-512
1162
963
-413
648
1083
57
362
763
-117
239
754
405
-85
663
974
-359
224
1029
33
-37
530
38
8
-37
-158
-353
-222
-225
-923
-611
-407
-758
-1035
-349
-474
-1183
-462
-872
-946
-195
-530
-946
-263
177
-625
-813
152
378
-1136
-181
644
-743
-583
1000
-308
-958
717
-95
-970
59
478
-770
-176
387
-782
-530
466
-396
-979
371
208
-855
-254
603
-222
-469
89
-245
27
186
-143
-172
667
208
-393
302
767
170
-347
414
134
-26
-54
82
-109
-258
235
-792
-531
259
-541
-1165
-146
0
-1319
-476
-97
-813
-801
-73
-515
-498
132
-489
-141
37
213
-72
-158
540
348
359
-11
343
533
454
207
251
894
149
77
571
1068
195
277
954
771
357
460
1110
590
792
741
647
468
1050
750
543
1171
489
1030
1175
623
681
1529
732
297
1503
1068
566
1252
1150
221
800
984
232
-43
645
586
-716
-51
255
-316
-173
-679
-469
-121
-498
-606
-384
-254
-197
-480
-414
92
-176
-199
-224
-459
-259
385
-550
-988
437
99
-1006
-1006
230
-248
-1096
-201
-51
-687
-295
286
-824
33
604
-541
-70
385
-72
-132
173
184
-52
-66
95
-242
5
235
93
-114
193
212
-196
285
297
-348
195
898
-6
-387
790
544
-659
-183
746
-229
-967
-19
-43
-612
-345
-311
-741
-294
-168
-811
-518
179
35
-477
-368
538
11
-737
72
270
-79
17
-482
-223
204
-955
-941
-221
-440
-1175
-662
34
-862
-871
-269
-497
-576
-436
-212
-234
-76
-287
-351
64
-242
-416
-225
-56
-444
-177
-22
-171
-20
97
-23
31
100
446
228
-79
706
702
2
322
913
-78
90
434
79
-168
-84
131
191
-407
-328
196
-403
-650
-340
383
13
-244
-86
374
393
-34
-32
661
530
-520
486
828
3
-38
586
101
-397
333
-110
-92
255
-92
118
321
22
-9
627
445
-167
465
725
-125
232
772
314
0
731
389
-3
826
912
591
549
1118
822
584
937
1012
1404
1099
769
1590
1341
888
783
1277
1322
200
903
951
473
497
160
264
62
-18
10
-77
-188
62
61
-419
130
84
-342
-78
7
166
216
89
-96
223
-46
-617
-530
-244
-195
-1116
-662
-65
-1201
-1086
-353
-747
-1225
-1045
-733
-573
-1041
-821
-437
-918
-759
-735
-697
-657
-775
-608
-388
-530
-253
-257
-549
-72
-178
-154
209
296
97
340
634
258
243
672
675
298
410
677
248
315
496
-238
-44
114
-270
-300
-394
-76
-93
-620
-395
-223
-409
-192
-345
-185
426
183
-459
159
603
-269
-311
298
456
-75
-223
85
175
-343
-315
-64
-603
-417
-212
-494
-461
-276
-443
-564
-203
-611
-763
-273
-524
-371
-447
-360
34
-206
-698
-99
736
-361
-489
731
610
102
284
746
1025
465
381
1086
1104
543
415
989
564
227
521
43
33
299
157
-544
-408
403
-293
-904
-144
190
-118
-549
-10
741
-33
-323
367
441
-42
-68
-54
282
75
-265
290
12
-375
-270
-341
-604
-481
-225
-808
-545
-219
-661
-980
-840
-196
-908
-1272
-495
-629
-752
-954
-737
-449
-1005
-555
-556
-652
-307
-461
-115
-390
-80
343
162
42
590
1004
286
482
915
713
524
701
569
729
630
313
463
596
283
97
674
538
258
410
742
692
523
995
1002
796
1014
1309
942
648
1135
1318
736
745
1203
853
635
703
690
403
254
448
109
50
151
2
-166
-222
59
-320
-784
140
-142
-857
-258
-172
-436
-800
-449
27
-418
-574
-208
336
-112
-545
392
502
-168
171
805
476
255
468
851
454
-7
556
541
-198
42
540
-293
-211
355
-55
-389
-161
167
11
-53
5
243
514
187
-6
640
453
-137
229
594
207
-26
280
65
-95
-145
-283
-144
-575
-646
-560
-918
-936
-699
-867
-1358
-998
-817
-1239
-1467
-986
-886
-1761
-1302
-844
-1466
-1350
-922
-1020
-1407
-1072
-747
-1022
-993
-612
-505
-744
-674
-149
-67
-375
-118
122
44
-104
-124
-45
131
-109
-331
48
124
-211
-65
185
-295
-133
100
25
131
327
495
347
469
739
560
602
775
558
767
834
658
698
725
761
518
382
656
